Matriz 1 (100x100):
161 97 45 346 17 293 316 276 259 256 177 113 166 421 245 415 411 192 296 240 30 167 427 286 5 231 71 93 79 441 324 17 86 41 421 238 456 303 491 284 493 97 146 257 256 187 78 134 45 447 333 51 146 86 403 97 312 297 389 440 309 223 277 263 159 240 388 281 23 121 485 60 286 287 7 218 242 204 111 83 227 15 124 434 33 262 9 476 401 29 145 445 248 54 326 237 403 89 222 343
43 141 153 340 100 223 171 44 346 61 186 472 300 204 356 470 412 349 126 62 121 2 67 131 235 452 447 388 385 459 76 478 223 257 398 52 495 315 142 33 97 444 260 298 36 462 285 46 21 238 34 345 451 380 373 28 227 147 332 29 442 14 304 413 245 348 213 410 1 408 85 284 103 120 12 415 218 477 240 159 155 264 252 442 89 251 474 427 462 466 426 128 334 34 219 85 334 163 441 256
39 420 348 388 268 267 274 284 191 54 340 9 11 356 463 365 412 245 470 27 37 140 240 310 42 204 90 164 348 217 148 253 378 138 278 281 417 94 489 44 168 330 195 411 43 257 416 156 231 180 246 461 185 443 88 65 201 87 57 59 317 438 242 217 439 284 494 467 315 235 472 46 438 214 454 444 204 424 480 322 236 447 85 366 392 433 130 382 446 274 329 53 335 184 319 179 442 242 260 281
120 275 68 45 290 403 323 460 472 444 470 63 250 330 410 15 139 37 70 134 145 311 146 284 450 80 263 93 305 431 363 379 200 158 138 443 204 168 212 122 51 419 43 362 464 356 27 287 491 122 28 120 312 226 117 443 57 409 489 191 397 500 326 301 404 343 471 454 111 298 144 289 313 125 343 332 63 18 372 185 266 365 246 21 157 472 368 4 57 58 418 302 176 303 40 311 200 92 452 239
119 233 158 367 279 269 242 498 406 420 128 405 220 197 459 225 189 318 402 40 164 332 420 286 79 398 330 379 311 108 33 184 24 315 127 230 105 414 75 367 418 265 469 454 493 188 30 337 490 354 346 494 286 81 285 142 23 283 493 495 444 192 217 26 105 444 494 453 376 427 38 489 473 215 182 74 100 342 448 484 222 48 2 83 142 395 211 355 149 51 192 61 24 194 173 167 318 87 8 173
362 29 348 91 363 141 77 375 57 268 385 95 316 1 178 458 67 22 154 112 10 441 425 108 429 453 472 449 273 157 240 251 392 436 455 348 430 103 210 461 136 303 419 44 144 73 34 262 450 109 69 295 421 116 124 274 329 76 37 241 1 92 368 428 424 314 308 440 292 108 409 352 78 248 368 395 259 393 447 447 271 237 458 482 392 174 67 311 230 314 368 120 46 348 163 189 157 346 232 364
256 32 85 139 250 365 391 420 475 134 329 443 79 20 195 373 488 40 278 282 463 197 260 234 227 208 173 359 85 169 263 398 265 149 288 419 487 255 332 298 52 285 22 123 65 435 423 394 390 201 67 151 269 348 89 373 196 444 496 174 310 358 426 32 161 239 21 462 119 482 96 249 95 235 186 242 351 46 338 232 87 349 413 217 447 456 132 53 152 77 414 95 388 117 493 89 335 215 436 194
485 171 426 285 186 110 416 215 10 79 428 20 392 259 348 109 23 53 240 473 149 63 465 131 474 201 162 257 409 139 226 28 370 217 253 95 263 47 15 179 437 294 184 354 498 34 496 273 474 457 95 358 335 242 429 217 54 389 282 105 232 259 486 89 122 36 225 460 139 317 456 222 57 397 258 454 102 149 59 350 494 115 473 102 406 469 367 54 99 422 493 448 91 257 247 350 77 92 154 163
147 214 177 399 143 153 343 489 366 217 318 434 446 323 426 317 236 207 35 295 89 175 453 255 266 150 176 13 472 302 85 295 348 472 494 483 76 63 248 347 344 116 359 135 365 431 112 464 247 232 59 162 53 27 270 476 66 235 17 285 141 164 79 325 68 348 433 292 59 193 270 368 349 112 220 282 111 40 248 35 336 477 89 393 382 451 322 30 137 121 489 425 104 231 358 467 344 87 297 65
109 391 308 159 132 30 420 484 210 22 147 288 469 219 139 299 104 459 360 79 309 488 181 14 300 123 481 62 391 242 34 179 408 493 196 99 67 225 331 72 33 231 372 284 382 350 204 194 212 339 114 210 200 388 295 475 494 6 476 263 421 480 490 179 300 163 407 302 499 354 205 275 376 399 256 500 200 77 330 140 351 105 330 433 67 292 372 379 376 64 488 80 239 239 377 31 402 261 194 281
281 192 295 170 3 44 210 446 135 169 381 496 81 15 415 115 145 366 434 185 40 212 180 36 331 124 28 495 195 288 345 13 196 418 40 240 24 71 165 128 144 266 192 30 104 29 299 122 112 329 240 498 95 53 38 449 254 320 120 116 453 383 410 473 18 186 357 73 2 402 192 83 214 423 46 474 408 488 280 153 405 191 92 128 270 103 315 467 494 127 76 107 77 122 354 315 19 401 327 200
336 18 168 124 65 195 63 205 224 300 273 250 260 318 377 480 12 383 276 201 480 384 242 221 454 146 243 223 190 387 498 241 142 498 122 147 29 247 6 78 255 358 320 453 147 228 47 177 412 190 265 300 44 178 120 446 278 166 324 310 1 69 128 454 197 280 21 308 484 374 353 389 239 227 188 15 83 416 331 256 56 150 479 146 1 175 393 122 103 213 493 256 201 390 87 62 458 36 468 57
137 196 116 321 95 444 331 350 103 13 320 497 480 29 47 208 171 295 139 19 165 175 489 296 489 172 414 140 407 235 452 128 411 339 455 92 360 303 418 221 208 311 443 251 136 194 81 289 405 93 45 211 353 44 372 350 136 119 364 325 147 323 327 421 219 405 316 6 125 66 314 406 358 336 346 422 359 455 264 231 335 4 376 403 232 310 12 421 457 409 128 365 180 144 49 429 173 128 403 47
195 323 463 391 125 208 71 152 155 411 21 250 37 353 286 4 20 274 290 20 321 399 209 321 123 368 12 236 232 359 461 421 88 216 102 238 341 432 110 362 311 329 97 331 234 407 37 165 176 357 440 161 229 317 357 25 195 98 434 81 425 315 315 299 115 355 117 454 6 463 292 296 429 193 67 97 19 391 345 55 319 161 275 37 385 194 473 263 315 414 480 238 460 220 33 229 169 386 37 129
189 193 20 15 173 144 204 267 37 97 124 453 329 441 230 349 199 355 342 386 41 208 289 478 83 313 323 294 393 349 475 222 232 9 498 164 69 398 112 321 55 176 214 490 199 217 174 149 326 259 345 75 21 100 89 377 156 9 396 106 72 208 114 331 193 169 409 378 187 401 185 203 100 159 216 170 305 405 369 50 408 376 220 147 59 479 43 228 90 131 9 380 370 74 414 37 273 70 334 141
112 2 431 230 169 32 77 475 64 455 56 70 316 489 257 393 411 291 368 26 45 22 245 471 361 126 442 495 202 37 162 53 277 326 170 206 113 451 347 332 72 275 300 164 159 64 405 422 47 143 216 41 72 493 159 11 67 14 289 158 185 388 336 290 149 389 464 454 370 160 241 44 155 416 339 339 34 21 444 143 430 177 296 363 161 403 433 392 331 469 243 333 496 367 259 262 451 480 421 89
73 38 132 494 285 35 198 272 223 25 364 26 32 23 29 477 71 248 189 1 228 93 459 143 88 467 396 116 375 86 160 370 485 2 162 11 267 190 91 114 484 498 72 433 88 387 363 390 454 52 392 395 239 378 140 282 390 126 218 335 187 459 90 15 176 148 222 308 332 12 224 196 142 205 402 55 449 268 11 293 102 76 40 243 167 472 92 67 95 305 13 99 403 250 189 353 180 111 328 181
246 179 31 92 411 371 493 215 58 446 451 116 176 228 129 309 39 168 16 346 127 189 236 295 462 446 491 443 32 460 105 5 289 452 23 130 38 92 302 460 72 133 335 264 279 132 114 261 480 147 9 171 140 453 445 19 450 242 453 445 461 294 119 303 413 357 175 456 287 95 67 489 290 191 27 319 336 465 322 260 261 148 295 342 288 362 297 289 20 242 276 380 339 165 12 350 150 211 19 375
46 109 105 447 442 153 90 217 397 237 173 308 200 379 183 377 450 358 28 106 193 51 300 211 443 116 455 488 7 220 277 480 292 184 386 120 208 486 221 249 73 331 96 180 416 238 436 459 250 478 12 316 409 460 417 225 311 27 245 493 340 82 40 112 384 457 172 109 267 293 76 115 443 216 426 248 402 19 28 162 476 136 288 304 351 426 455 79 54 275 118 43 412 426 55 483 84 253 17 167
373 293 42 186 243 49 89 246 3 123 454 350 281 63 138 492 356 326 237 215 303 113 44 426 74 213 154 465 411 23 467 110 89 312 12 288 87 85 71 128 286 305 178 224 342 454 92 139 111 262 97 409 342 425 105 236 58 323 59 264 419 252 480 71 467 433 407 366 108 498 417 6 440 275 393 442 278 111 485 313 328 51 499 191 226 408 305 54 397 2 161 158 6 196 222 131 393 112 18 330
358 77 257 494 114 328 227 262 210 41 88 94 426 483 200 338 91 116 25 462 165 293 212 9 376 222 68 284 407 250 138 228 361 87 485 368 307 151 171 288 221 309 3 124 107 208 2 446 420 100 266 64 180 447 224 247 200 53 48 67 98 398 449 79 417 492 231 251 484 402 327 465 337 373 460 296 197 426 333 246 194 381 467 25 174 384 483 44 350 253 132 62 401 93 2 345 500 17 361 23
149 255 491 375 98 121 172 56 441 77 392 358 356 322 446 238 215 385 465 257 159 129 414 330 389 388 319 497 171 214 398 289 205 475 326 241 74 51 122 37 124 150 385 348 292 226 330 440 58 52 72 202 248 149 183 269 430 277 113 377 23 454 222 323 128 472 73 249 241 386 222 388 330 96 6 73 479 277 305 384 41 469 257 213 151 120 420 6 364 63 223 159 370 77 47 203 39 119 114 482
124 363 188 490 481 225 327 24 186 253 79 73 20 32 193 185 16 497 347 398 215 173 334 267 193 419 472 412 138 364 266 387 264 183 63 458 370 448 42 300 152 243 124 487 202 335 19 2 425 441 8 358 283 108 282 471 225 21 239 199 120 427 344 103 447 83 371 366 194 264 234 64 368 355 75 107 134 50 450 102 394 144 203 214 185 107 51 123 167 180 163 94 85 360 481 482 110 339 383 115
201 92 237 47 368 432 221 127 307 283 500 132 57 170 481 238 317 360 258 223 402 473 442 462 396 322 429 428 53 223 493 305 464 109 440 488 308 291 421 16 241 186 154 71 235 45 63 50 54 230 90 485 15 486 368 280 178 153 461 306 461 199 130 188 454 145 257 79 491 438 110 338 233 438 192 221 489 434 278 330 4 91 196 478 224 104 56 495 69 395 274 323 222 366 478 202 225 71 343 410
249 489 266 341 117 452 36 331 466 423 159 137 441 231 29 203 497 39 341 263 417 12 483 89 103 277 107 17 418 64 471 171 459 307 367 408 140 49 242 22 268 3 318 491 477 374 13 382 156 219 211 493 484 75 21 148 483 219 334 53 228 146 158 422 341 422 440 164 137 252 460 487 268 229 61 170 220 28 221 97 290 76 234 230 461 136 120 96 95 219 217 179 341 160 448 217 35 30 291 204
92 74 481 24 357 309 370 62 177 45 108 170 409 316 300 31 116 500 184 485 285 480 305 316 260 90 344 189 94 76 306 30 172 343 359 226 439 499 300 181 189 73 78 21 204 406 386 178 63 7 404 187 295 310 170 270 66 49 281 478 133 421 96 170 130 140 168 196 104 92 421 446 342 373 401 355 191 52 26 18 185 226 399 355 431 381 296 466 62 195 355 51 481 225 425 350 230 201 359 472
348 59 328 222 355 396 142 369 499 255 240 454 328 58 377 403 110 206 50 440 4 44 247 89 3 241 382 25 346 314 185 223 432 320 497 9 479 397 115 487 272 412 482 187 400 45 264 490 158 189 344 238 288 62 337 225 92 417 247 337 475 288 29 173 473 463 367 42 307 454 161 478 396 21 252 90 19 180 490 137 307 95 214 491 106 313 128 262 89 316 259 132 391 292 355 91 352 199 176 245
62 135 127 161 198 327 269 456 102 186 442 91 301 96 194 293 226 478 297 20 345 13 254 194 200 345 47 370 361 376 378 42 180 195 63 212 235 79 106 6 147 131 454 500 130 126 180 42 413 403 74 107 325 140 199 52 69 347 251 401 345 296 121 321 490 300 425 211 289 11 232 331 185 44 331 484 409 353 164 233 481 9 307 274 233 204 359 199 85 40 304 193 350 474 393 230 101 168 72 421
304 67 240 334 497 180 171 206 157 125 150 336 374 162 383 113 215 67 373 47 334 374 309 194 19 141 373 100 97 243 439 201 485 475 481 307 367 406 335 98 364 465 249 269 49 384 29 417 370 314 24 72 318 300 325 127 337 283 111 67 147 477 349 320 129 326 33 454 467 177 417 382 35 388 60 290 284 401 22 119 261 336 93 131 13 460 109 467 393 482 45 189 485 7 203 113 464 197 387 165
336 326 156 241 490 391 313 209 84 196 35 472 347 388 243 383 39 261 499 122 207 457 29 486 95 358 297 446 66 253 75 195 151 126 493 179 421 409 340 56 344 209 488 247 300 129 6 498 85 330 480 313 86 198 486 400 100 364 101 246 329 237 180 67 230 313 294 214 314 101 344 22 388 423 105 68 110 322 301 76 168 467 500 350 56 370 303 72 397 193 105 150 175 57 340 265 70 234 430 199
304 414 154 331 387 184 286 326 137 28 493 426 321 90 425 168 310 416 22 308 234 66 275 296 92 7 201 348 488 317 150 464 183 64 416 44 255 461 177 170 412 153 436 241 303 49 36 317 441 497 334 223 17 174 127 54 143 245 374 16 149 56 490 492 87 8 357 168 196 268 42 350 42 204 252 138 488 300 98 290 175 235 393 157 438 79 127 4 288 143 67 16 435 493 401 307 200 214 46 500
78 428 183 3 46 108 449 87 243 167 419 411 181 124 133 28 41 126 4 56 383 4 328 393 214 11 100 479 438 297 241 427 230 311 369 359 375 12 190 242 66 423 38 175 29 223 461 51 416 151 496 45 288 164 186 28 104 86 314 290 265 378 368 69 318 192 456 470 371 4 181 281 208 263 91 171 308 227 24 480 136 498 145 495 484 347 471 2 368 308 75 57 360 293 271 125 128 17 470 461
366 131 44 376 360 367 378 371 169 4 53 158 130 169 208 475 372 415 36 248 45 260 63 58 215 402 148 63 224 367 498 287 2 322 368 348 99 143 34 192 158 20 318 410 224 222 317 227 260 368 155 443 163 66 153 319 469 457 171 450 138 61 345 196 357 22 430 467 281 436 238 70 98 192 233 355 213 340 369 161 233 378 122 227 58 105 149 27 232 465 188 485 87 45 204 64 471 24 122 157
311 317 95 367 430 115 365 347 431 269 186 405 369 463 449 296 182 76 176 127 180 293 407 107 335 98 106 116 50 364 468 400 480 303 63 232 415 306 268 145 188 313 77 243 63 54 401 296 398 150 19 263 367 387 124 399 9 83 103 381 176 398 37 489 156 28 361 413 418 461 416 207 412 234 202 327 315 305 296 228 172 139 82 362 479 443 58 340 260 196 364 31 337 171 447 216 498 170 466 142
31 151 483 94 414 218 451 208 284 149 185 30 221 181 97 76 163 271 427 96 258 41 482 45 115 186 387 266 331 271 150 261 248 144 46 232 47 120 258 70 326 188 234 457 158 173 94 241 443 83 314 295 121 211 481 292 418 322 300 367 230 43 40 2 394 177 243 224 297 263 214 458 430 229 246 321 115 480 237 255 66 441 371 454 396 176 488 498 237 184 362 38 218 195 451 78 192 355 393 401
177 155 230 114 219 393 299 262 286 62 471 30 368 372 77 487 457 336 375 252 331 174 421 77 68 210 303 265 2 96 271 492 315 235 90 334 321 61 405 277 270 405 49 421 299 292 62 298 9 157 195 255 190 419 182 257 7 467 27 234 363 340 216 217 297 215 473 211 116 332 334 145 88 305 156 407 378 236 326 253 33 221 104 133 130 350 245 98 91 393 493 155 228 145 50 366 176 323 261 314
66 297 3 109 50 484 283 76 367 217 338 147 258 95 265 331 348 188 107 264 34 487 240 290 177 448 495 102 282 344 457 257 486 71 315 318 143 305 289 337 277 470 300 136 14 418 494 440 308 233 109 395 424 359 434 222 209 383 128 194 91 211 181 308 100 313 389 281 333 66 201 452 151 97 424 311 32 285 296 227 451 382 348 333 34 435 202 285 384 373 338 299 207 161 202 258 12 246 211 108
482 312 171 485 468 159 447 35 193 273 24 396 192 42 425 150 61 267 396 333 18 188 336 102 259 325 146 293 467 242 300 470 70 148 402 165 124 173 289 207 420 208 116 247 197 327 246 152 94 128 487 339 336 296 500 28 173 351 247 25 395 356 367 274 491 176 242 497 42 403 204 42 65 255 474 381 493 220 477 99 204 377 274 254 385 2 229 211 112 436 51 105 485 316 233 276 337 252 479 443
105 439 347 330 81 314 392 346 152 497 193 354 335 94 378 360 275 36 460 365 410 238 117 161 428 153 153 50 330 106 421 255 2 493 284 249 429 18 42 108 207 316 15 459 319 314 347 403 69 361 392 249 168 247 271 195 93 441 240 305 467 63 61 433 272 287 466 388 400 343 327 251 318 429 316 437 216 55 344 162 437 260 90 171 405 140 24 411 62 138 285 20 231 47 487 355 211 265 296 112
306 210 101 257 116 448 115 354 217 98 366 161 170 99 222 14 474 349 65 12 268 426 470 288 207 454 66 248 161 134 280 179 340 139 350 414 257 294 255 163 224 495 113 298 51 156 330 99 222 170 282 357 183 448 442 181 370 298 299 71 349 51 98 472 277 136 310 419 497 52 343 346 347 336 178 156 118 246 221 247 123 54 154 236 50 152 79 374 114 341 263 246 450 178 478 422 340 138 87 47
87 14 282 53 81 90 44 250 287 119 286 463 409 392 321 406 132 52 11 130 269 383 189 491 454 142 147 280 178 18 410 223 82 162 274 267 278 185 185 409 333 226 124 345 206 215 261 55 48 18 466 20 401 20 141 394 124 351 183 302 94 187 456 424 4 235 32 423 26 206 183 420 478 254 159 50 187 499 151 81 61 15 195 111 245 297 487 234 138 13 465 441 95 23 373 432 27 28 43 183
280 294 247 279 161 302 380 26 352 204 427 79 465 314 131 250 211 415 269 377 185 107 86 428 280 146 52 284 343 155 477 336 152 290 16 304 326 186 433 473 415 436 71 421 398 66 402 223 111 98 105 174 335 350 461 357 490 411 233 167 464 360 77 233 140 495 229 190 349 183 339 494 73 265 131 338 39 116 7 57 250 28 26 206 483 486 463 63 97 271 466 322 478 60 44 401 478 2 101 159
117 204 248 145 264 15 8 242 492 157 335 173 200 366 28 372 371 404 334 131 171 120 349 488 336 377 388 271 39 246 471 247 165 498 35 214 120 285 481 262 286 210 123 302 99 326 62 188 211 269 475 28 406 419 385 169 354 15 333 473 304 305 335 53 407 183 440 167 319 75 430 227 227 450 249 102 16 26 452 432 466 340 311 439 342 247 446 107 94 230 174 244 138 393 266 456 382 50 464 285
298 206 100 363 455 104 364 313 292 354 61 280 227 443 302 494 292 258 115 230 342 337 176 30 238 323 61 380 40 263 300 34 37 110 267 407 422 280 397 86 433 381 91 249 424 414 13 262 186 329 177 135 416 152 18 38 441 192 474 284 439 187 485 26 199 37 70 279 46 16 176 286 59 30 460 63 135 146 106 378 371 440 206 77 363 273 224 342 268 117 11 262 324 207 366 331 257 423 79 135
360 303 498 198 448 118 378 498 281 209 127 417 494 252 481 140 142 445 231 10 212 432 435 366 376 401 175 268 110 490 442 454 410 352 133 422 128 86 123 353 167 285 86 19 339 284 110 209 191 242 67 87 6 8 148 103 352 50 167 39 192 290 340 85 276 166 387 224 463 23 36 98 326 263 402 379 311 76 285 486 344 24 452 307 493 405 324 216 411 250 215 489 317 56 20 148 365 362 59 419
246 335 166 103 367 110 127 333 42 164 366 444 468 104 55 406 182 137 450 33 77 177 66 140 360 53 415 257 226 495 246 231 327 219 174 54 156 50 91 400 233 408 289 425 122 314 78 158 138 90 32 423 187 234 494 274 457 125 76 361 182 268 209 498 197 19 181 464 405 12 135 299 413 494 19 296 437 286 330 497 446 114 19 415 157 252 365 372 94 260 299 208 219 215 165 275 174 147 275 392
234 199 237 88 409 141 334 39 247 211 213 244 107 372 82 222 399 400 28 259 328 221 1 385 418 3 281 196 145 414 346 451 62 282 46 459 371 483 458 46 77 336 95 432 94 22 74 125 371 221 253 441 213 86 269 167 439 361 76 463 274 248 324 456 386 135 42 133 376 342 133 159 151 65 458 94 480 222 253 56 430 473 37 395 356 215 165 120 279 363 206 264 159 5 281 72 365 422 101 53
113 178 301 338 55 216 440 349 225 200 259 361 184 211 273 88 116 98 66 169 144 219 165 144 268 50 242 324 477 225 180 10 134 49 245 160 135 237 470 298 82 95 79 38 286 89 117 122 426 174 39 145 463 206 471 150 74 52 107 483 220 475 161 474 478 217 81 30 30 261 24 394 194 191 34 346 182 224 147 291 226 106 279 397 61 161 469 151 269 277 240 153 85 496 456 158 54 298 221 40
288 72 24 481 99 125 414 136 443 500 82 327 297 176 378 428 18 343 346 129 498 370 132 248 28 134 471 189 440 261 208 31 499 391 416 111 311 86 203 227 217 122 371 311 453 394 333 189 93 93 334 215 281 429 191 5 339 116 246 494 52 438 358 329 336 449 385 141 357 84 236 132 317 18 289 117 466 340 351 76 404 424 313 240 215 198 466 49 289 201 190 98 453 102 438 445 341 81 115 67
255 484 479 380 56 109 169 356 462 132 241 291 415 289 146 327 71 458 96 153 204 224 64 310 249 469 495 335 411 190 157 446 86 146 346 206 291 227 181 234 413 459 437 70 95 168 460 4 185 476 291 106 443 246 437 276 473 167 138 363 498 335 122 104 389 291 112 418 439 92 47 321 117 153 431 184 467 343 104 22 254 482 15 367 184 222 411 245 125 16 399 313 247 461 58 156 315 315 173 327
109 239 38 34 377 258 423 462 443 70 212 173 188 415 480 331 448 295 433 220 278 244 265 250 72 73 81 143 266 251 422 113 228 105 245 81 134 29 431 143 279 214 167 65 391 392 218 62 248 166 36 55 97 327 194 322 280 382 247 218 479 108 135 491 81 318 321 92 164 476 172 247 450 278 162 101 405 452 226 359 188 496 383 403 104 446 453 123 67 226 63 253 475 470 85 46 44 375 125 327
154 451 191 321 462 206 206 63 44 312 109 88 5 75 480 100 343 23 121 14 353 283 490 40 201 390 350 49 192 279 113 86 225 395 78 208 187 466 269 68 425 64 48 436 213 471 296 52 376 121 71 408 364 303 298 228 117 57 102 276 317 263 13 132 191 125 261 444 138 142 192 290 318 276 157 98 337 63 277 108 301 407 381 221 382 379 454 96 29 357 28 8 173 350 247 240 211 361 307 489
431 277 28 7 428 69 7 291 306 236 118 351 171 167 176 371 276 255 406 306 142 252 90 155 454 316 158 191 300 498 248 19 50 149 44 110 338 40 212 446 128 478 130 156 321 483 108 24 205 235 200 47 114 306 276 57 212 255 33 234 247 293 50 448 482 137 365 438 316 239 456 306 181 35 54 286 480 472 336 329 224 114 180 494 397 17 388 123 416 465 34 289 159 444 39 186 70 173 305 297
317 200 355 19 82 127 35 418 405 407 267 401 281 311 364 75 276 491 409 486 439 287 381 242 226 437 443 46 333 95 241 496 382 27 78 453 376 147 457 268 292 355 86 413 224 265 184 319 157 404 216 337 403 123 391 287 417 86 103 118 43 153 296 123 37 245 48 379 273 68 477 271 219 448 486 323 217 389 327 207 343 17 455 193 334 364 59 339 190 98 64 80 449 393 329 436 355 187 144 51
44 376 84 123 184 189 264 467 394 482 438 371 317 473 294 352 329 439 224 171 490 316 8 264 201 254 168 143 131 235 342 335 307 481 26 187 75 268 456 454 198 79 449 473 65 224 55 392 428 304 16 93 152 175 479 152 500 226 239 333 448 36 443 414 165 133 162 396 335 493 3 472 229 355 91 237 326 415 173 198 42 433 230 351 496 479 414 159 180 454 335 443 458 18 325 308 199 483 240 416
247 126 376 372 3 171 154 181 192 298 160 478 107 189 211 232 274 191 358 409 92 204 32 206 470 197 402 270 29 424 92 404 429 238 9 420 207 407 41 153 385 326 20 114 203 145 446 58 40 296 196 169 335 188 361 246 115 367 132 148 183 450 206 318 59 70 402 271 400 380 380 154 482 419 464 58 144 285 446 18 282 182 337 116 68 298 134 375 362 498 279 250 397 259 90 476 52 99 471 147
40 89 44 28 121 138 375 439 187 111 157 95 224 278 94 488 226 185 437 489 1 44 434 9 266 180 72 326 333 177 162 334 177 456 352 53 231 402 26 132 204 308 141 394 285 179 322 232 311 167 412 305 486 466 399 139 400 248 447 432 195 229 179 326 216 445 199 1 64 483 478 159 475 221 247 205 271 89 269 140 279 151 381 364 155 51 56 273 346 68 102 483 329 310 466 136 277 48 454 366
153 327 457 496 341 451 177 46 312 77 327 349 204 262 299 341 481 69 406 18 393 344 219 212 37 306 297 431 302 135 388 151 279 490 290 301 214 323 349 357 332 260 353 299 181 389 256 352 25 429 499 85 318 8 439 237 30 367 1 86 251 58 373 277 49 239 426 361 462 104 343 422 434 487 460 49 212 143 34 13 428 420 285 318 472 406 444 110 403 458 270 80 127 55 394 20 116 307 484 389
231 346 37 212 468 283 465 269 279 251 122 257 121 35 397 56 255 62 85 211 282 38 174 351 160 281 288 94 411 111 391 120 496 133 439 484 497 409 320 494 169 157 284 142 487 101 337 61 164 263 302 424 489 150 377 7 290 308 289 95 385 265 93 78 284 399 75 309 219 279 228 438 23 190 179 379 21 116 433 437 495 215 24 330 327 39 140 450 84 446 459 213 73 367 407 69 499 280 441 96
97 26 231 145 296 184 138 373 465 172 10 318 142 479 129 194 113 258 438 107 343 193 178 106 493 489 5 50 16 35 98 211 442 401 346 252 119 437 222 23 3 32 305 38 171 149 244 164 64 278 168 264 135 260 81 282 449 355 179 35 78 3 47 379 33 162 300 149 387 87 104 482 135 137 235 142 259 415 457 419 124 136 218 465 241 70 415 65 390 246 261 391 393 15 59 131 484 247 457 186
441 229 15 39 159 338 140 93 17 20 171 30 291 350 409 8 2 344 426 354 425 274 391 462 245 337 90 27 15 77 341 72 84 122 361 301 201 420 316 368 224 320 261 181 128 55 233 328 284 205 379 465 133 313 389 390 461 389 3 157 55 294 319 243 464 20 251 458 314 184 126 146 385 489 178 102 110 449 331 303 382 460 336 61 127 67 155 294 76 153 376 466 474 497 4 246 496 463 1 110
246 225 196 22 282 478 251 137 273 482 323 428 208 174 108 8 328 465 59 36 256 465 448 283 73 338 138 191 309 271 492 431 240 203 201 59 232 427 333 21 409 261 174 155 321 55 388 97 185 3 196 177 438 487 31 483 145 119 381 337 404 391 323 386 138 249 313 17 470 23 104 300 278 70 155 290 29 172 393 89 388 45 439 21 299 374 329 489 391 371 228 133 95 349 163 65 60 297 180 435
352 145 92 62 339 188 470 14 79 155 471 198 302 85 96 428 253 211 437 237 493 495 147 208 236 141 409 359 410 420 233 187 421 325 313 35 315 93 168 443 411 482 456 16 196 394 180 337 364 408 5 477 171 195 255 206 269 115 317 60 423 424 381 455 365 135 369 190 29 154 487 108 251 203 386 256 92 258 61 450 476 320 190 250 454 496 106 258 223 273 276 448 319 166 271 209 43 154 33 468
499 179 432 342 350 238 321 69 113 276 82 16 230 105 287 320 321 267 464 53 203 453 162 65 249 295 484 366 107 335 165 314 352 27 455 247 38 394 280 130 404 284 345 274 363 446 2 175 159 114 405 333 158 498 183 142 326 464 17 68 3 216 241 170 466 416 259 158 168 350 270 268 209 53 268 228 230 50 109 118 161 147 117 482 16 57 27 78 435 252 182 287 26 288 397 61 415 126 205 367
358 430 237 67 438 104 261 381 422 485 449 147 105 112 164 202 257 294 181 227 150 461 114 294 336 455 133 125 388 330 479 450 236 252 57 476 466 50 313 268 448 496 217 201 120 361 61 244 402 288 445 135 407 235 52 296 373 409 363 284 339 320 377 21 408 336 321 113 424 476 198 239 311 412 460 479 290 123 272 293 174 320 57 23 457 351 8 94 356 232 280 14 191 337 176 368 182 127 436 325
320 221 416 441 158 309 351 289 159 166 39 270 144 22 375 218 172 358 56 487 442 492 68 66 92 425 438 121 396 244 405 319 343 50 301 105 384 289 181 444 141 88 159 489 453 228 335 369 211 149 217 385 96 389 14 316 309 213 281 161 172 207 220 318 237 120 387 144 152 193 264 402 364 444 170 245 259 62 371 275 154 472 55 410 391 336 100 30 443 130 25 393 262 398 372 417 336 395 141 200
126 80 454 325 475 242 341 170 280 365 78 290 379 263 40 312 185 247 306 167 44 96 89 361 225 412 107 307 497 476 213 46 428 261 200 192 358 104 100 336 417 307 166 328 112 263 225 188 405 209 278 193 167 180 190 499 307 77 316 448 284 385 469 8 203 40 306 248 368 28 180 350 356 172 380 205 433 424 360 407 233 350 99 459 52 214 76 166 191 3 116 403 394 367 310 77 181 357 456 196
88 245 121 176 336 87 82 98 28 301 191 464 259 440 36 130 61 322 459 373 51 79 129 21 271 376 269 131 267 497 113 436 361 252 369 217 271 414 402 116 5 51 164 56 460 50 188 290 220 374 298 170 214 284 391 212 185 12 20 44 364 298 489 110 220 37 442 380 180 32 67 32 487 190 280 26 355 40 75 99 308 111 187 214 23 80 417 180 202 41 475 260 217 396 118 161 205 73 40 315
44 77 255 263 383 261 439 319 144 230 397 170 273 328 136 304 150 173 319 158 154 76 440 220 436 213 487 147 482 235 87 494 21 467 128 173 104 446 329 133 97 343 146 325 241 445 303 333 16 300 14 217 298 296 406 145 75 476 26 69 337 488 185 112 330 118 98 121 350 32 83 82 386 364 227 79 467 226 42 419 191 158 196 337 5 154 148 214 432 107 278 183 222 194 381 81 198 142 227 256
198 375 113 101 214 353 282 138 378 498 170 166 142 391 156 27 346 241 485 181 296 379 142 275 466 344 180 469 434 206 496 221 457 40 371 43 489 386 137 17 183 174 95 63 472 346 269 184 439 252 291 385 223 269 455 442 303 386 479 389 182 82 307 466 83 208 122 398 229 406 130 399 226 128 425 323 209 414 132 78 395 47 227 271 294 212 415 225 371 273 350 494 339 380 324 192 373 26 114 39
265 488 161 246 385 82 180 310 106 488 261 421 321 250 361 123 58 400 162 302 181 210 131 265 213 215 386 402 154 436 213 229 442 339 231 65 484 2 317 358 87 126 323 276 210 452 109 325 19 246 163 446 59 172 290 284 477 135 158 404 132 45 460 445 163 377 165 443 260 67 237 398 260 384 483 339 118 34 382 269 291 369 324 305 246 255 391 330 107 93 487 97 302 130 354 435 263 342 384 388
120 182 314 481 378 67 127 218 158 332 117 458 323 365 407 170 164 427 116 434 44 30 227 28 182 462 276 98 128 186 128 441 331 465 198 14 320 38 337 374 355 70 126 351 246 121 65 265 255 193 497 317 100 416 122 197 24 430 406 248 247 382 320 63 124 320 384 321 162 41 243 338 500 112 89 65 18 46 148 3 414 430 407 118 94 245 478 388 301 357 442 413 111 316 447 309 354 22 111 221
406 357 20 377 153 359 409 438 481 207 104 393 37 57 421 156 256 490 263 353 337 337 254 336 154 203 479 450 289 230 230 419 97 90 275 234 3 145 53 444 235 104 365 323 331 454 33 290 245 364 382 412 290 181 377 445 244 149 366 124 451 483 341 394 352 27 275 198 310 98 254 161 232 113 443 373 144 269 179 297 74 144 356 115 42 320 121 38 244 262 348 187 161 168 46 223 348 159 179 280
54 186 134 416 470 155 294 154 232 265 456 125 464 4 132 395 11 87 100 16 458 146 428 360 499 97 443 73 23 440 11 445 247 272 424 200 280 437 28 111 218 167 12 481 371 107 89 242 29 386 93 75 359 385 403 387 362 116 2 346 361 447 395 369 18 344 9 78 378 236 238 382 294 455 110 162 182 124 96 432 81 478 53 435 238 53 104 242 377 13 257 102 496 119 140 32 217 159 187 412
36 39 370 101 357 43 403 446 59 332 51 416 325 136 304 398 265 320 344 498 16 141 256 229 356 98 182 424 111 250 320 342 382 83 235 246 148 206 201 158 297 371 180 135 137 361 47 181 491 23 272 100 29 207 73 238 484 303 383 306 220 342 336 95 497 179 486 367 329 245 400 165 43 311 27 284 500 224 15 494 134 262 451 336 229 318 153 467 381 95 433 469 15 457 7 271 335 182 335 4
110 392 147 70 178 483 445 16 295 71 170 197 154 345 396 231 317 355 465 87 266 11 441 114 404 205 120 233 388 472 400 217 372 443 380 301 413 324 136 331 110 315 173 445 289 82 148 191 214 114 132 388 228 14 256 389 303 145 78 319 228 99 353 24 470 391 399 55 181 301 469 481 280 273 373 187 176 270 171 38 253 467 100 45 7 451 311 159 21 306 76 78 404 75 220 344 363 243 399 171
469 168 449 61 16 336 52 346 409 357 102 222 438 147 311 26 53 72 140 264 319 487 37 275 430 331 293 72 382 333 444 137 75 475 312 166 6 117 23 331 478 240 196 168 366 344 381 280 239 310 110 369 103 337 498 193 106 166 337 299 169 207 280 17 248 388 341 93 204 135 103 422 358 143 246 158 15 107 377 245 321 332 228 310 364 494 436 181 187 114 125 33 9 147 67 83 11 188 208 244
150 193 172 100 195 201 220 204 452 248 187 286 193 22 214 397 84 327 232 392 363 75 327 487 449 283 224 358 270 361 134 62 247 166 304 216 245 64 197 320 179 184 385 371 138 15 283 325 99 141 338 410 468 1 390 157 124 489 444 20 142 166 453 381 91 61 115 448 368 368 357 173 330 156 16 277 315 250 266 136 102 305 498 112 195 322 383 477 438 14 69 473 320 291 152 427 438 499 33 10
45 441 166 44 345 241 447 14 178 44 359 492 43 51 307 371 317 190 308 232 215 365 292 165 166 451 396 466 45 82 89 308 474 381 434 362 109 428 330 47 371 324 366 416 155 108 258 147 11 85 354 118 362 241 46 158 389 26 295 451 310 171 133 92 126 90 78 114 162 155 467 346 384 39 362 475 22 271 375 461 236 1 292 301 257 419 238 324 178 417 354 340 132 258 194 347 283 217 248 236
402 41 270 71 230 114 281 252 281 26 88 308 428 174 49 357 360 455 436 461 467 496 246 145 53 197 76 240 180 104 271 152 127 149 95 366 94 288 389 89 60 355 167 447 45 402 319 34 49 132 289 230 346 94 194 131 401 295 306 6 129 172 281 269 240 490 488 157 53 112 430 387 282 408 255 149 13 115 46 357 197 252 134 364 155 339 291 264 12 277 228 307 479 50 120 168 485 63 302 393
29 147 328 205 38 318 419 199 297 61 210 371 377 209 425 302 190 432 437 443 206 474 216 165 52 430 247 25 212 409 435 254 386 400 175 203 317 129 106 478 483 130 253 270 61 298 284 457 222 422 422 453 229 236 227 229 223 478 226 22 334 207 414 174 11 40 197 164 210 174 411 147 41 23 300 373 370 272 393 499 380 53 289 64 379 50 474 412 82 28 287 84 21 278 402 207 383 173 38 157
480 345 289 257 462 300 305 124 254 230 261 427 120 445 246 403 441 327 410 244 77 15 264 122 5 435 163 500 276 319 124 233 227 267 126 497 388 5 454 427 412 141 270 464 265 434 433 392 23 366 240 191 484 285 236 160 438 180 305 427 469 40 397 395 203 112 221 217 271 207 234 459 456 235 20 365 324 363 231 290 382 439 467 328 481 345 435 476 228 321 427 63 485 388 387 387 36 168 82 301
264 485 402 455 367 219 153 487 491 316 6 345 159 447 201 144 213 420 120 434 279 287 317 210 194 177 147 116 373 129 244 280 14 427 384 265 24 432 500 345 234 166 290 16 267 457 407 127 420 280 118 200 464 142 57 128 95 450 209 163 130 322 408 439 340 466 411 293 298 38 50 329 133 488 312 107 372 219 66 436 297 147 410 373 220 440 245 459 392 34 336 494 485 403 39 367 342 144 131 70
283 133 139 334 225 191 155 216 102 292 20 478 459 167 316 301 196 307 276 80 500 254 292 275 26 53 312 493 288 276 421 408 435 18 143 217 444 498 265 170 140 120 31 481 324 372 276 339 345 181 95 419 341 481 7 73 175 446 129 128 253 59 272 340 432 361 220 246 195 55 497 208 384 483 251 228 398 393 297 412 158 229 78 436 35 224 299 107 240 226 285 145 131 385 335 261 394 164 234 38
430 145 120 408 418 265 60 121 85 494 359 328 435 328 493 467 454 399 73 480 256 49 341 328 359 4 405 259 18 98 249 180 120 389 171 305 407 203 164 30 311 92 214 202 482 224 396 233 112 117 378 468 60 313 362 82 50 233 345 486 281 158 222 46 359 227 349 388 109 101 24 422 79 494 431 326 334 491 42 26 467 348 34 57 319 133 381 392 256 477 161 388 495 66 220 265 492 136 265 351
181 410 138 187 95 365 274 364 404 460 77 434 378 84 154 266 300 204 128 265 145 483 177 241 124 233 100 80 247 394 144 297 449 420 347 241 475 319 214 363 276 478 313 122 40 471 188 254 170 178 112 309 376 373 394 354 67 309 297 353 372 270 23 292 233 436 230 462 311 398 190 230 343 242 325 171 485 344 40 469 236 166 434 423 238 484 460 387 448 325 298 168 294 326 281 82 499 190 181 237
365 346 144 61 276 129 193 221 356 247 407 287 172 232 482 46 359 14 393 328 195 1 310 21 370 154 350 320 404 297 307 123 378 301 154 427 425 36 414 278 245 84 167 195 104 220 41 103 265 339 320 252 275 144 40 105 100 266 262 316 311 9 11 73 269 356 338 39 252 421 276 417 414 117 7 432 483 353 78 383 321 139 124 176 434 272 415 253 108 353 225 109 3 260 208 17 97 393 297 460
79 100 88 281 23 68 51 383 254 483 264 128 96 193 249 482 405 263 276 115 487 411 144 21 46 89 106 373 189 32 246 194 148 20 140 36 148 13 396 173 307 145 175 470 320 434 407 281 35 304 278 327 46 157 342 260 263 199 307 30 108 33 434 471 379 407 22 152 317 307 110 239 102 463 339 107 55 127 428 198 325 120 104 265 421 443 258 458 90 15 208 421 424 58 460 383 421 440 453 112
462 13 319 100 294 317 297 388 434 472 201 88 382 236 296 317 455 206 203 421 377 341 394 55 361 199 29 237 316 250 141 191 185 416 389 237 240 438 116 395 500 128 337 43 236 21 61 118 46 422 207 94 380 423 446 376 475 206 442 134 441 183 19 217 165 269 284 412 253 144 147 342 126 269 200 251 447 183 237 455 125 171 126 276 22 273 12 336 358 157 296 81 103 76 55 314 489 435 282 88
64 235 23 397 142 476 404 298 122 177 232 280 416 424 136 313 12 178 298 172 122 322 281 6 2 450 77 249 232 430 48 8 482 315 128 335 250 248 389 62 36 181 160 59 376 53 348 336 15 493 149 484 411 332 236 394 198 483 462 308 227 300 184 195 69 251 122 491 135 27 500 20 125 370 42 223 117 185 134 54 189 186 215 206 177 56 231 223 187 51 30 389 254 75 58 140 492 343 284 414
218 96 257 121 27 182 429 237 264 162 42 354 201 323 403 146 287 419 248 73 60 475 147 94 405 184 444 172 33 433 37 480 165 456 289 121 481 41 148 300 74 81 462 278 377 41 240 333 427 114 11 291 440 298 492 311 291 427 147 416 20 203 13 396 353 358 237 386 449 498 198 258 239 341 232 303 15 268 193 312 325 456 24 135 163 125 98 458 37 130 6 116 349 344 127 50 326 272 398 47
196 485 116 134 9 88 163 155 148 177 200 310 223 296 244 289 203 199 265 405 493 404 30 324 12 472 291 222 34 471 433 350 158 412 454 393 464 218 447 286 148 169 216 447 223 469 448 354 165 358 57 463 73 315 399 209 39 28 132 167 212 200 386 105 169 190 441 479 222 495 26 273 178 393 167 290 126 470 160 279 250 351 491 119 258 340 7 172 52 429 340 171 264 132 144 451 202 482 233 269
98 149 455 474 481 282 283 246 410 72 179 434 424 326 68 19 399 434 47 2 319 111 478 483 20 460 189 19 387 13 145 239 4 85 443 382 96 61 87 438 434 242 214 451 112 354 403 165 182 15 250 382 285 126 4 385 308 44 410 186 274 151 240 466 158 155 459 59 149 488 370 288 170 175 387 249 131 250 93 25 184 369 322 227 282 435 102 181 74 60 370 25 478 159 311 243 129 383 252 253
14 307 375 441 228 379 136 134 186 379 373 225 199 262 368 171 432 493 221 63 94 123 404 243 157 470 34 220 351 277 107 470 15 109 237 227 179 475 5 446 328 475 211 317 204 194 457 310 92 338 56 342 173 472 211 478 309 295 432 276 132 353 411 317 411 498 1 423 40 470 151 277 213 103 367 204 471 445 120 237 405 381 485 396 153 267 124 402 5 186 391 7 437 137 494 53 44 493 274 195
340 310 138 40 40 353 124 95 206 439 55 153 463 87 372 299 171 316 323 327 102 7 122 443 94 250 416 382 61 367 94 361 149 247 351 116 201 279 69 233 167 258 444 417 204 306 130 470 286 195 273 453 16 23 338 362 466 313 302 180 339 92 97 389 264 425 132 368 109 387 131 385 364 245 146 137 417 400 168 305 405 299 344 247 356 400 363 378 27 454 266 170 438 364 443 141 224 240 332 335
497 474 169 313 209 464 426 33 309 206 22 252 259 12 324 316 442 129 293 11 260 37 25 297 52 63 377 257 309 154 180 492 398 144 334 22 216 137 224 28 89 463 283 404 283 394 410 148 74 271 333 458 36 117 490 173 216 243 31 23 37 479 497 330 373 216 124 464 347 300 187 444 425 461 399 156 312 111 242 414 363 331 309 230 72 84 254 198 294 118 121 129 353 442 80 337 288 457 144 329
100 481 406 386 269 398 174 68 147 400 181 406 195 367 232 396 414 179 35 182 280 372 125 105 453 312 242 84 234 465 218 111 175 33 359 23 209 265 316 107 408 68 20 309 40 188 385 211 465 353 107 483 246 151 195 445 425 289 296 159 226 29 124 291 198 115 163 437 164 229 476 186 45 68 143 260 479 127 17 132 406 391 445 278 145 29 146 499 257 338 327 194 193 25 305 46 35 250 232 129
117 156 424 223 145 186 407 498 318 369 403 188 464 455 171 290 97 348 413 1 353 88 195 402 441 321 483 16 38 128 113 21 240 301 142 435 9 349 339 6 451 18 203 10 327 431 276 178 267 474 279 40 7 458 369 496 460 316 115 294 328 18 336 268 165 326 68 330 281 372 331 483 155 338 181 190 367 169 99 441 2 202 468 359 419 394 309 192 385 461 425 74 464 3 246 269 88 418 272 381
398 49 420 36 493 115 21 186 100 259 260 261 119 364 261 445 149 495 274 369 256 455 394 187 287 300 321 248 419 492 105 138 319 458 24 349 174 491 13 459 236 137 90 423 491 120 445 17 423 41 320 88 450 461 294 353 498 389 393 488 375 165 476 337 440 485 10 400 123 50 288 293 165 473 339 410 301 227 238 137 397 227 154 346 489 317 255 38 144 31 302 393 425 170 23 387 110 48 96 184
239 9 471 448 119 326 182 158 300 388 477 433 305 22 49 23 238 117 350 110 78 412 306 35 219 414 456 194 445 62 309 471 177 242 500 336 44 323 228 159 409 60 292 9 374 237 435 304 469 399 290 457 312 374 85 261 247 197 446 481 482 74 213 304 492 154 62 140 390 2 7 67 417 385 36 30 442 111 446 243 173 381 242 214 109 29 97 396 269 72 221 308 50 205 97 159 169 281 211 283

Matriz 2 (100x100):
161 78 315 338 85 33 336 81 387 254 289 267 471 463 482 304 68 295 438 250 434 112 480 410 439 173 141 105 155 481 97 146 462 108 177 369 170 261 463 258 496 232 97 11 449 459 469 78 278 60 427 367 288 316 317 246 50 218 168 383 466 463 122 267 316 421 384 82 329 474 229 88 21 135 10 247 159 255 262 98 202 165 353 173 187 276 108 96 292 432 38 379 245 216 169 495 411 430 91 268
474 126 267 463 208 386 158 477 20 135 156 167 96 398 463 131 200 224 19 420 354 179 435 147 460 485 452 442 239 153 367 25 278 453 26 65 109 106 337 79 355 224 68 421 161 276 352 38 132 268 217 389 6 451 14 164 100 420 175 314 268 153 200 279 382 72 408 273 72 25 5 168 261 500 420 17 346 315 422 16 126 84 68 141 3 419 380 218 318 294 40 367 404 208 372 358 376 191 328 465
48 433 172 7 255 382 493 51 73 295 415 162 472 287 18 45 193 42 344 26 257 407 413 295 76 490 396 198 310 76 224 422 436 239 274 90 334 178 451 116 132 186 89 1 321 415 61 159 467 85 324 116 52 287 330 101 402 54 74 477 294 85 91 121 58 308 305 436 6 290 428 18 119 251 286 482 307 318 480 158 384 331 332 172 230 317 390 276 314 255 183 482 107 143 258 483 227 189 239 62
363 54 476 135 279 416 251 219 65 189 236 323 315 302 157 494 482 407 223 458 52 383 380 143 205 500 261 463 32 390 423 90 212 92 343 331 29 277 338 476 355 25 360 243 419 134 68 158 448 112 399 264 279 357 173 31 6 237 2 301 233 446 310 12 336 413 254 409 93 110 370 446 11 131 296 226 184 497 103 388 226 101 318 279 242 181 374 3 462 121 92 244 102 408 182 311 251 78 30 156
353 96 107 355 370 75 77 17 330 47 244 53 325 475 328 427 74 56 35 289 13 156 131 301 481 76 81 158 321 151 163 471 67 139 57 195 460 491 34 499 328 15 8 196 141 342 303 269 140 63 401 287 354 365 148 60 354 17 272 446 470 445 204 273 254 64 236 121 100 375 491 270 364 455 421 264 158 330 461 256 460 23 497 294 154 224 384 471 433 107 365 248 423 395 414 441 401 393 354 359
293 452 320 253 357 317 206 278 32 372 403 144 311 406 13 209 42 380 252 142 252 341 34 130 203 310 196 305 488 168 476 168 134 109 374 314 302 144 85 307 53 269 458 383 379 333 208 464 440 62 334 22 81 457 190 198 340 58 288 382 362 458 46 481 200 478 55 225 189 228 286 135 211 1 121 276 398 285 494 65 63 433 25 128 225 57 261 348 270 167 244 310 157 342 39 498 267 380 431 31
216 94 180 238 407 408 53 264 495 385 185 10 453 483 108 185 191 290 387 328 236 122 260 367 188 93 193 178 150 312 482 442 362 311 134 369 364 162 173 463 289 284 349 95 259 201 80 371 411 205 239 286 286 68 203 284 246 450 116 334 154 95 313 396 381 336 219 30 473 401 477 228 153 167 459 433 353 295 296 442 239 493 173 87 310 22 69 246 291 407 199 345 309 445 479 54 138 315 272 20
460 185 48 23 415 483 97 382 59 200 398 266 263 448 133 354 455 214 350 445 379 31 301 272 287 181 397 417 300 165 120 118 36 201 203 236 22 380 487 11 222 143 304 24 485 100 29 194 189 101 33 154 197 392 128 302 195 157 2 499 211 49 190 102 153 418 130 307 435 60 51 25 50 218 25 183 172 342 340 299 129 158 347 86 311 479 289 419 84 24 205 316 382 277 198 200 15 369 306 447
400 328 84 100 489 337 166 48 288 214 271 267 456 343 440 492 367 351 292 362 435 141 22 448 200 7 99 356 463 251 260 120 416 374 26 491 354 161 350 201 302 170 27 420 466 26 260 32 124 296 343 49 322 70 337 378 429 1 410 50 20 309 371 106 36 205 485 76 461 78 68 296 58 181 95 281 168 314 100 116 146 387 231 378 470 16 154 177 48 163 118 42 331 484 321 189 470 459 105 473
154 74 224 464 264 141 397 383 59 315 313 480 8 383 294 401 333 157 215 306 196 400 123 165 292 273 350 370 247 475 17 370 450 353 497 242 410 78 167 269 382 22 138 248 172 243 329 435 207 109 286 245 170 298 494 387 281 139 188 232 152 337 205 461 15 396 367 246 192 273 169 350 140 343 78 400 69 328 289 389 31 374 89 187 319 124 149 477 497 450 247 242 7 42 292 189 83 364 20 148
223 279 397 413 173 417 330 377 46 100 81 327 407 275 51 21 9 456 217 277 260 240 241 139 279 134 103 384 174 159 94 221 45 491 243 266 147 378 340 434 136 256 159 45 339 181 486 173 284 273 383 228 61 154 207 433 126 83 202 19 427 69 281 28 42 447 270 466 427 255 90 260 289 144 318 234 177 262 131 467 245 9 477 254 463 339 390 284 418 316 453 22 308 179 84 222 440 465 116 24
293 395 456 9 230 466 349 12 318 492 281 87 84 417 433 443 418 360 88 168 7 438 125 342 500 274 270 43 235 183 10 455 231 481 264 176 87 2 350 263 5 113 46 442 479 245 444 244 412 482 269 118 401 229 420 317 384 139 107 163 60 297 241 253 486 207 47 256 456 435 249 234 14 243 316 94 340 379 489 451 16 226 173 211 66 405 93 470 325 134 296 306 274 349 494 462 196 133 466 70
232 345 249 249 167 170 339 94 156 410 234 240 50 407 39 164 75 483 32 261 253 319 115 405 154 179 78 297 73 492 35 53 237 461 134 473 471 299 480 95 400 205 389 259 233 300 117 267 376 317 89 98 178 94 197 366 165 197 210 36 485 458 422 303 158 56 51 317 147 444 393 488 275 468 267 444 287 14 39 414 350 303 31 55 433 285 44 235 378 265 251 110 13 18 95 390 145 27 233 12
409 10 215 385 446 171 114 35 448 195 486 295 391 7 67 146 467 169 280 198 15 171 66 377 431 288 356 487 6 12 348 291 371 40 133 136 166 458 15 359 406 315 49 376 107 85 429 440 121 417 17 473 344 271 412 123 321 448 246 9 432 153 465 382 79 443 53 409 130 239 456 37 210 259 457 219 288 404 184 341 6 231 13 270 63 447 268 476 292 14 110 98 184 98 295 424 478 406 326 357
323 494 216 223 402 295 94 142 400 303 415 49 435 5 3 480 268 258 155 474 56 75 470 210 325 354 114 458 67 333 5 409 27 419 254 408 342 275 111 45 61 353 100 353 216 50 250 100 314 498 230 54 7 267 293 310 145 8 213 462 242 287 240 213 306 468 282 180 277 180 96 77 210 8 8 31 134 438 115 71 228 493 238 279 126 254 102 252 55 116 326 91 433 200 146 230 449 72 204 288
264 449 48 43 56 89 457 145 373 137 299 291 268 442 203 335 409 83 196 275 413 262 5 212 12 198 329 411 467 441 270 402 150 96 35 297 173 84 224 328 239 30 288 293 305 113 182 115 114 301 27 379 343 284 464 325 405 30 220 444 11 443 46 481 61 140 460 336 479 370 34 343 309 105 293 165 267 438 63 493 140 186 384 69 317 98 152 474 236 53 102 205 466 203 312 97 305 128 289 489
122 119 125 456 251 137 109 348 95 359 444 313 430 23 10 193 460 421 156 28 294 7 365 397 471 297 111 156 116 299 489 49 120 79 373 143 257 208 368 309 247 43 101 373 330 351 147 474 199 400 235 196 313 456 264 128 486 125 424 350 493 467 127 370 22 93 444 64 310 273 465 494 72 109 208 258 24 455 21 457 444 20 252 238 371 158 58 6 470 8 443 19 453 35 263 282 259 230 377 217
201 492 436 295 344 252 83 430 137 468 160 357 364 302 34 492 17 486 322 183 495 349 31 69 447 154 153 320 474 38 237 166 404 379 227 117 17 356 314 88 18 131 345 132 225 42 169 170 355 419 118 252 390 432 138 34 274 244 493 302 18 415 165 443 470 480 263 470 249 438 335 292 214 6 213 81 489 212 427 19 337 350 491 168 355 482 435 481 150 71 134 281 483 258 390 224 71 440 320 29
468 270 477 383 245 79 348 106 486 141 349 207 111 313 446 180 15 246 357 79 53 472 76 344 346 274 467 97 103 213 111 124 323 406 289 186 413 176 309 400 458 121 371 167 298 67 486 291 189 327 66 365 226 11 181 430 296 452 32 305 459 27 311 73 467 252 140 132 305 473 356 436 190 40 27 170 299 148 386 143 37 417 288 111 337 487 24 111 365 350 140 498 200 167 115 196 170 298 80 166
337 291 324 318 61 4 144 374 253 477 238 373 283 310 50 45 126 160 396 15 467 275 19 144 400 370 414 306 396 332 180 273 33 471 475 280 304 210 417 489 473 127 227 316 295 51 285 406 147 151 179 152 480 338 411 233 264 434 291 375 264 31 132 38 89 308 302 303 53 165 476 25 331 343 137 219 324 221 30 144 383 457 1 159 390 246 33 292 482 370 231 29 19 411 380 84 171 285 492 410
181 127 136 486 67 481 173 91 363 13 490 67 336 390 349 464 500 295 236 229 49 184 63 221 153 430 312 447 12 64 70 372 308 260 418 307 239 467 9 470 343 248 220 404 444 97 119 24 294 147 413 160 371 438 207 496 441 107 159 120 133 435 270 78 396 225 299 258 47 158 395 331 140 56 206 430 472 281 277 74 328 444 98 130 1 254 407 214 56 209 146 458 315 205 12 113 66 259 46 309
86 434 156 384 237 116 26 496 248 305 442 79 215 146 433 294 227 283 299 61 489 153 300 15 61 238 176 274 327 171 413 260 498 25 56 271 58 442 198 194 311 325 325 393 70 153 436 328 188 447 271 184 413 450 49 76 138 352 95 408 2 260 48 136 168 26 242 281 333 328 179 281 454 298 186 175 345 285 132 315 278 262 78 365 84 166 185 438 163 36 295 331 433 129 47 141 449 321 434 397
470 208 3 294 320 71 169 205 266 15 347 8 93 368 142 91 396 491 248 426 200 315 355 91 132 468 166 113 196 107 103 109 191 170 342 233 360 120 71 382 358 495 482 39 485 50 207 486 288 419 279 148 206 403 308 136 358 419 247 411 112 396 220 454 419 16 124 436 93 338 284 213 197 43 498 321 191 427 385 454 271 317 354 224 69 452 403 344 420 20 189 142 167 300 114 323 250 1 437 284
150 175 82 118 25 485 180 478 88 113 414 340 261 454 81 103 343 304 377 131 431 149 296 474 261 92 187 415 129 196 215 409 148 250 478 262 68 11 486 459 251 57 187 66 221 158 250 134 465 66 65 92 106 190 206 265 430 33 128 170 42 58 355 21 336 368 438 115 16 199 491 208 230 402 5 350 37 322 103 328 276 376 115 299 20 287 481 254 453 97 15 288 21 60 63 190 488 284 420 244
236 286 48 78 129 297 155 166 287 297 191 435 440 416 454 257 194 42 189 290 91 293 20 51 95 221 402 419 384 135 147 422 143 216 25 173 310 22 487 398 111 338 76 277 409 65 71 220 213 473 374 99 383 318 451 127 75 222 296 336 314 220 5 47 497 432 187 300 93 306 262 106 156 30 192 488 431 156 384 456 129 115 410 251 451 355 418 470 57 7 466 342 150 70 291 422 77 411 384 201
35 91 386 426 446 396 46 91 220 121 283 495 396 343 140 263 279 486 258 195 63 135 73 397 84 402 313 329 413 463 277 48 365 299 374 252 18 38 80 337 493 261 356 485 178 191 50 201 219 215 265 235 284 471 451 389 252 364 175 152 400 35 243 8 225 345 475 433 222 48 337 445 30 222 470 431 276 401 51 165 480 419 245 481 306 204 257 80 80 34 198 163 405 305 368 253 497 14 162 154
288 247 82 55 224 317 209 393 460 336 115 274 38 163 145 266 327 165 171 486 134 457 476 360 39 260 478 48 304 234 331 41 89 82 396 168 3 302 371 77 420 214 380 31 408 247 201 371 44 9 1 5 248 357 2 181 73 83 270 431 237 61 430 353 178 468 462 209 53 92 218 152 244 282 60 364 73 45 186 339 139 126 452 93 434 373 98 464 278 388 143 281 291 355 406 435 26 269 430 152
456 312 221 404 16 452 34 34 146 202 153 337 102 76 4 4 477 186 16 182 105 31 93 129 148 370 261 456 202 180 178 187 218 85 297 98 348 208 101 382 156 160 183 437 182 429 16 447 178 11 284 102 146 127 12 474 200 386 42 475 40 330 226 270 321 294 25 55 135 494 456 393 380 500 486 124 440 61 425 206 111 366 19 410 153 331 459 227 429 149 199 69 497 184 266 75 378 454 41 396
422 368 306 250 342 197 226 55 338 481 214 262 491 12 159 492 193 146 186 84 263 413 480 208 433 340 95 169 352 160 212 91 408 360 165 322 30 420 75 169 475 493 316 380 480 192 66 261 105 337 245 395 315 101 294 236 168 261 9 209 470 478 411 385 371 127 175 254 315 245 267 100 348 53 189 294 324 475 150 293 3 479 445 52 88 436 243 196 257 378 474 421 112 190 451 400 356 460 397 497
158 457 306 177 344 287 395 93 25 487 36 398 365 62 42 21 426 483 266 105 446 351 99 345 423 304 202 9 1 268 121 69 16 298 440 420 165 233 382 138 346 339 489 172 20 239 151 31 448 465 26 92 400 174 391 436 237 161 383 74 186 491 496 268 96 437 79 172 464 497 257 356 306 370 198 11 286 116 411 465 285 378 396 263 476 57 156 148 470 477 428 324 55 28 368 359 200 104 494 177
210 187 402 227 451 12 227 167 90 438 241 26 289 232 327 228 388 192 393 3 42 390 450 383 122 100 460 396 406 446 371 180 207 163 455 206 213 30 114 416 491 254 20 481 328 499 52 137 479 393 313 187 356 404 453 286 416 159 327 499 245 64 218 239 442 125 153 89 306 479 37 410 37 278 261 320 118 69 109 181 322 84 309 214 184 158 104 112 175 418 109 153 256 13 319 157 191 307 82 291
3 384 420 353 377 318 335 172 246 469 390 260 43 340 303 497 180 288 459 187 27 379 340 425 58 251 428 65 142 252 178 150 251 344 195 219 302 228 73 375 245 166 5 313 12 270 146 404 188 411 58 205 134 223 65 345 322 65 334 52 358 181 412 116 176 422 114 77 444 215 46 66 284 318 472 447 176 359 387 297 50 402 45 299 303 226 488 394 81 169 401 493 242 394 105 271 436 7 57 43
220 231 246 317 67 492 254 363 438 441 179 333 220 201 402 308 265 159 99 213 287 306 89 150 84 63 231 213 170 189 218 115 312 334 16 82 160 209 271 322 349 216 145 408 117 484 325 82 414 259 185 339 294 453 195 354 63 317 345 380 296 58 137 209 204 334 351 393 63 92 492 225 230 421 46 344 48 337 188 38 344 45 354 335 261 84 317 341 294 163 457 12 66 284 227 10 294 449 76 132
383 160 178 222 92 324 467 98 19 134 83 88 428 62 364 17 126 74 485 285 490 406 444 498 62 204 34 91 217 137 107 366 360 396 108 6 425 142 431 395 368 395 276 293 178 310 274 119 445 181 254 92 322 315 263 474 302 150 465 103 4 178 365 5 332 346 448 167 297 137 454 14 299 93 346 208 214 331 193 250 2 234 95 300 151 467 93 134 381 409 31 390 417 197 469 370 312 320 101 268
466 275 75 31 415 187 434 380 406 296 457 110 160 367 394 291 37 3 331 390 167 471 125 345 85 373 163 453 364 263 114 296 267 50 347 78 265 22 375 213 117 188 413 470 41 349 164 83 289 211 335 173 42 194 61 278 361 319 111 258 410 349 491 487 219 263 102 16 23 219 194 272 185 469 5 329 162 51 478 19 66 297 153 261 130 114 495 324 430 16 354 290 183 178 23 12 189 304 302 12
434 133 447 68 431 55 452 181 43 492 23 421 23 192 405 148 215 12 185 142 45 402 362 499 175 475 401 279 325 458 405 144 499 452 339 7 325 13 443 237 277 295 240 95 390 313 318 32 212 58 49 470 312 118 434 268 78 138 173 245 201 126 358 194 91 175 175 229 328 170 386 454 374 242 129 423 346 1 362 212 472 8 119 239 91 262 178 341 51 80 231 146 425 474 127 219 462 309 52 261
74 25 30 91 145 344 443 373 43 296 417 340 480 378 340 281 490 314 455 218 24 241 165 82 69 476 315 83 468 44 184 102 12 93 323 486 490 288 486 314 235 491 367 456 59 472 500 50 12 253 432 219 179 103 292 70 275 156 390 246 470 325 406 23 426 349 368 386 307 182 466 475 37 455 122 258 248 112 71 187 337 4 204 169 46 324 81 163 148 63 457 73 123 477 274 169 232 454 240 93
291 14 418 103 382 311 258 63 308 209 359 253 251 261 308 56 388 340 14 75 152 135 379 238 396 436 341 258 436 397 319 263 52 188 218 45 460 464 80 327 176 473 96 468 75 174 42 148 480 331 479 395 281 72 124 444 421 341 315 399 306 322 331 17 172 377 110 406 72 424 285 25 380 427 264 345 430 176 433 470 96 376 495 149 224 220 240 156 104 98 296 470 232 291 21 265 198 206 2 257
317 130 337 414 358 247 233 218 177 206 484 143 359 207 183 343 500 216 170 329 86 73 272 401 299 124 467 470 449 257 16 63 18 49 250 103 104 202 341 454 300 154 391 332 439 159 384 195 18 155 156 250 193 85 229 394 147 205 406 330 281 381 456 324 391 429 82 498 194 203 88 268 239 317 175 480 278 11 107 142 102 332 177 2 410 368 283 126 219 221 15 396 3 22 139 451 451 289 475 253
363 65 240 290 425 381 356 181 481 170 169 272 22 471 298 428 387 159 470 135 289 406 205 106 417 413 183 327 333 279 423 489 376 36 72 42 61 301 355 399 279 72 45 391 485 475 64 104 325 55 363 269 224 127 325 487 20 4 94 470 155 38 73 226 406 474 169 210 96 164 84 391 371 131 29 58 451 115 142 339 465 100 405 98 486 322 21 116 442 299 441 350 489 21 358 128 274 110 95 157
444 154 43 40 325 459 359 91 382 97 383 148 403 402 46 168 422 382 283 200 189 151 324 493 474 268 161 146 202 458 419 111 81 202 176 140 491 459 80 27 446 144 60 97 267 323 53 268 324 369 2 203 118 395 222 340 450 65 299 138 258 336 481 274 332 23 131 278 479 25 183 169 135 157 290 104 118 223 200 324 132 72 342 248 43 307 304 480 273 375 171 13 489 436 89 437 243 415 413 463
148 181 249 297 13 101 308 195 468 263 426 269 65 161 35 49 327 398 153 166 227 438 391 132 238 454 175 150 3 58 429 338 136 335 328 239 410 15 244 261 154 166 393 182 93 24 248 61 291 406 401 138 237 421 293 269 278 218 107 109 447 429 187 165 233 393 127 196 49 204 497 287 6 81 199 269 463 178 161 28 248 191 271 460 400 19 184 424 259 415 419 82 346 307 210 60 60 448 224 222
26 300 455 418 177 222 98 190 500 123 145 322 93 227 147 106 291 69 469 20 372 449 470 211 380 329 486 159 355 269 430 423 5 113 79 476 340 460 284 288 306 145 255 462 108 302 142 469 73 163 259 292 239 190 44 361 188 488 392 111 186 465 397 271 344 190 96 230 431 294 45 323 127 107 4 98 344 269 460 361 45 8 419 482 210 307 210 257 465 483 163 211 313 158 120 30 424 373 162 477
443 83 299 113 207 448 138 288 319 375 117 481 425 110 475 117 114 143 423 499 188 485 211 277 412 212 322 46 458 152 211 406 25 47 385 160 205 181 131 215 220 122 303 16 397 151 430 345 153 99 135 6 405 384 253 53 319 232 215 306 5 411 136 482 496 126 389 197 320 183 209 171 136 481 16 487 158 206 293 316 142 268 453 427 193 195 39 211 19 33 379 393 287 96 96 377 181 259 405 81
403 376 205 470 375 66 115 380 202 493 270 105 453 163 132 98 1 439 236 259 38 349 246 105 455 3 184 182 416 7 240 122 40 319 95 249 210 215 106 481 347 407 52 452 462 174 86 184 449 432 330 318 95 294 412 72 301 230 257 453 149 470 59 52 244 347 32 22 428 462 153 150 149 64 182 271 413 416 425 446 432 282 58 59 74 91 425 29 267 62 452 252 88 421 227 333 196 377 453 365
59 352 438 331 82 70 489 120 54 233 482 377 60 222 413 273 314 330 338 139 397 79 493 327 132 413 285 74 298 137 42 236 405 44 488 340 196 94 295 392 274 107 96 449 125 465 183 457 381 135 294 116 430 320 194 336 37 71 315 226 157 110 269 275 351 452 274 286 338 139 34 164 101 414 278 267 147 427 491 487 347 163 117 14 255 268 458 123 41 383 293 205 448 170 442 124 249 151 159 124
137 156 279 50 222 419 181 37 233 483 42 79 370 483 175 138 242 273 243 354 261 414 5 408 472 280 343 44 311 229 348 42 99 257 129 24 53 499 61 207 383 348 37 346 115 139 166 51 483 493 120 371 1 404 392 79 341 28 199 236 113 384 223 118 135 450 285 324 7 457 405 242 303 485 408 366 51 8 63 451 447 353 287 196 467 346 132 111 306 399 131 426 451 185 421 278 168 274 337 181
480 306 16 423 314 5 90 44 111 317 492 465 255 470 169 238 396 161 468 336 352 145 129 299 428 171 392 462 460 308 63 81 247 111 451 289 319 53 30 242 72 363 407 445 366 261 111 177 181 305 84 358 469 471 19 349 371 441 441 308 352 385 478 71 50 325 305 81 312 293 93 313 226 491 40 277 148 180 487 223 379 274 438 259 84 483 117 130 250 102 292 428 389 162 171 466 125 377 482 442
390 394 437 338 35 214 300 263 122 222 310 491 410 275 388 394 472 317 76 478 212 62 273 460 96 158 116 87 241 452 70 166 73 27 225 288 213 193 288 16 264 195 254 265 207 197 234 239 226 34 205 202 146 296 122 498 31 53 45 27 276 254 495 362 252 38 294 359 487 215 188 27 219 85 35 113 441 313 421 336 347 379 109 156 186 492 492 371 256 343 350 398 484 98 178 74 358 331 491 405
381 493 92 351 379 339 64 469 279 136 16 20 214 407 314 387 491 316 414 157 417 191 413 162 445 286 366 412 391 453 467 185 188 3 336 496 324 270 135 2 82 387 216 483 127 102 333 11 297 336 320 305 115 496 300 432 499 280 395 31 76 370 81 234 483 57 191 164 375 449 480 424 45 228 217 22 441 257 193 152 403 48 127 494 16 19 305 173 392 314 269 286 275 66 310 75 493 385 287 396
304 455 400 258 218 86 355 45 362 376 97 297 269 469 241 322 307 334 139 7 138 243 339 340 276 198 375 25 486 454 389 162 412 397 133 10 266 392 291 86 347 487 476 220 211 158 447 374 372 451 363 490 412 32 231 221 297 277 481 163 43 149 9 418 266 251 206 405 429 322 491 334 136 185 253 290 393 228 124 386 379 404 259 499 249 438 28 353 67 375 412 423 100 59 173 395 359 447 85 310
333 311 358 318 403 441 178 25 471 172 486 485 42 201 169 458 37 245 486 295 190 280 182 215 114 45 471 79 482 333 332 6 182 37 214 16 298 492 445 275 399 445 220 168 2 247 370 19 482 144 403 145 498 57 217 341 364 457 235 99 151 472 490 368 298 322 71 429 178 101 382 202 450 45 346 465 342 234 294 325 102 55 430 209 230 87 309 170 297 495 99 15 360 90 212 366 194 202 261 332
246 488 15 357 308 281 338 214 270 102 184 247 74 361 421 280 484 322 387 183 164 103 491 135 337 469 455 472 408 142 347 232 478 424 239 33 450 347 480 393 246 457 220 328 204 397 157 97 260 195 132 254 450 417 500 476 335 201 263 1 389 343 497 217 323 445 355 380 141 228 21 29 311 409 225 415 391 54 210 372 150 60 125 125 133 347 386 246 166 28 292 103 125 61 495 353 22 275 170 315
488 317 79 234 178 217 283 66 327 150 258 225 484 13 474 367 321 172 412 468 317 329 217 136 398 408 457 156 418 204 419 189 334 207 137 6 273 118 23 180 120 387 311 248 273 215 189 408 494 219 157 158 51 444 202 92 494 409 196 228 342 104 468 104 46 268 289 257 396 152 457 343 397 138 386 183 73 72 492 209 386 158 210 298 154 384 302 216 251 25 126 110 145 115 466 137 200 484 171 81
333 108 437 134 405 8 225 315 22 194 247 221 373 467 143 320 271 191 159 7 203 136 300 39 162 464 453 220 327 217 34 337 82 313 388 144 416 472 149 136 412 318 411 479 356 461 388 420 77 200 326 90 393 412 146 172 449 97 74 115 3 100 291 33 360 47 25 489 239 194 68 166 235 402 196 371 63 437 408 136 223 148 167 470 419 421 176 387 209 206 389 82 69 81 462 278 410 191 418 459
73 120 443 220 186 49 291 393 303 167 271 333 178 27 99 151 157 327 357 393 364 60 369 276 176 257 231 288 436 194 239 182 212 237 76 61 379 118 56 497 3 473 480 160 12 48 484 286 465 201 114 16 205 18 255 361 216 111 26 392 323 167 284 235 60 1 483 487 292 13 79 291 228 281 18 24 435 484 100 426 240 76 81 87 292 407 385 186 368 10 96 362 239 363 333 66 29 23 346 115
374 410 411 100 99 101 418 91 63 418 310 367 252 444 214 419 245 227 466 411 122 216 98 473 309 114 482 31 20 233 286 492 220 215 485 2 452 438 323 142 496 411 64 244 359 224 209 139 22 436 267 331 434 274 443 219 338 157 99 28 475 266 325 146 38 180 433 313 410 408 182 166 488 398 488 470 209 209 446 183 362 270 247 458 175 434 172 422 385 418 241 273 117 203 60 378 131 233 178 183
394 463 247 239 233 423 282 3 15 159 273 497 120 32 397 225 346 84 491 78 477 482 89 251 172 118 188 287 461 62 359 126 14 342 340 122 217 408 231 392 51 448 104 485 378 161 408 201 411 195 95 51 107 467 143 350 154 427 186 465 370 415 81 151 133 224 71 315 490 110 3 477 242 79 279 425 96 420 262 204 122 33 380 447 482 329 165 80 5 442 297 345 419 4 252 409 409 140 125 183
238 413 430 288 115 345 213 350 296 153 248 114 7 304 134 387 24 158 137 97 3 240 477 165 387 410 73 497 93 28 65 194 281 432 46 32 66 372 217 166 39 477 150 163 412 124 405 420 15 129 251 464 306 470 447 342 461 328 259 37 82 104 213 374 58 131 98 363 261 93 57 471 257 403 221 309 93 215 119 313 413 379 16 262 433 467 441 294 328 215 447 30 233 402 428 368 244 361 289 377
142 180 157 286 91 94 257 214 409 437 227 415 104 18 2 341 233 300 108 305 96 129 343 476 272 372 382 418 213 230 480 459 198 111 324 446 121 387 358 461 273 427 337 398 56 435 335 20 33 93 372 274 137 436 21 39 195 106 282 429 488 166 289 86 82 247 317 406 269 395 487 282 450 372 137 437 99 396 86 147 242 107 400 175 286 6 444 274 326 475 438 349 394 333 89 457 241 483 151 122
194 302 75 125 402 21 366 476 167 453 226 463 125 144 281 210 183 161 499 102 252 484 82 349 232 125 437 83 229 68 35 109 457 298 378 108 451 213 184 74 211 343 248 44 121 107 119 180 337 86 140 212 121 462 354 228 82 459 455 200 411 468 44 165 240 338 318 434 129 116 258 440 445 471 473 227 200 202 443 179 153 30 323 497 267 285 29 146 133 187 35 46 62 349 388 202 353 407 164 370
72 440 85 270 341 237 457 249 416 240 395 343 243 394 287 247 201 300 407 29 206 183 416 477 127 249 306 216 303 21 385 1 295 497 207 346 152 344 329 103 383 29 7 179 437 144 375 5 357 95 30 78 119 302 268 352 362 159 382 70 313 51 398 440 39 40 234 418 170 422 187 200 200 432 2 20 169 499 478 275 468 417 481 81 197 212 462 21 184 281 132 443 379 324 87 272 425 418 98 236
32 143 250 66 268 49 19 193 418 163 279 438 418 301 231 396 405 228 428 61 319 257 256 132 318 375 116 318 283 233 439 445 423 279 163 389 117 398 250 63 295 172 283 120 54 485 465 155 261 221 142 311 151 184 363 146 22 411 195 485 304 417 273 350 397 182 103 231 92 352 454 33 290 323 289 253 275 400 496 107 109 223 387 390 124 317 214 117 388 293 80 474 242 164 153 381 455 233 432 4
24 455 113 67 119 165 376 466 393 81 103 127 35 227 143 197 350 214 252 279 256 271 113 85 226 324 326 385 158 283 115 178 378 497 138 457 301 186 328 410 491 9 497 160 40 1 247 176 139 323 234 460 448 299 496 478 283 75 319 102 273 431 387 219 378 236 404 125 247 122 84 182 422 316 164 32 52 190 432 66 493 61 302 70 104 171 276 27 291 379 18 407 360 402 483 435 339 317 117 448
269 139 280 285 52 441 28 288 211 8 22 304 383 360 341 419 159 260 223 452 380 458 155 441 381 144 66 160 430 427 241 68 63 152 395 239 364 237 283 419 298 144 58 41 294 404 314 95 458 240 286 297 411 468 177 161 336 426 301 255 269 242 277 358 468 298 100 329 233 433 45 415 24 295 414 389 394 78 499 303 97 109 434 59 22 91 480 414 326 254 100 329 82 412 238 434 426 414 328 242
462 27 98 146 220 379 206 139 192 135 196 425 165 477 403 237 387 203 264 318 169 41 83 325 400 58 81 167 77 202 500 228 21 489 170 202 443 197 481 201 491 337 171 328 467 449 74 196 50 86 330 453 167 137 301 244 481 337 218 405 92 255 386 175 486 447 249 100 404 32 123 307 235 1 214 2 414 249 425 446 132 301 311 159 311 165 135 428 467 113 346 163 230 417 289 453 292 69 269 1
401 484 330 235 463 384 386 115 92 377 481 41 138 42 56 488 412 219 371 255 89 38 300 221 454 105 442 151 366 188 158 52 391 252 115 253 201 349 456 247 114 227 290 454 373 222 416 371 448 150 388 105 29 454 301 311 45 498 224 120 398 110 19 207 336 267 237 335 132 376 500 313 319 215 51 255 392 24 351 147 334 200 73 14 430 316 86 361 369 75 500 465 204 9 447 144 426 35 283 493
260 220 248 451 30 332 69 82 327 213 113 88 49 48 283 21 14 287 111 107 410 496 216 487 421 364 44 122 106 14 399 207 325 472 495 99 13 359 133 89 373 363 163 259 424 104 280 136 188 52 339 278 139 339 114 197 20 321 375 349 356 106 138 210 435 31 437 59 33 327 192 290 218 486 441 432 350 316 61 343 414 291 219 220 480 34 233 88 250 15 36 349 385 81 444 212 241 302 142 157
105 368 401 444 447 380 466 308 34 190 447 269 400 220 163 296 111 94 173 178 1 226 263 405 417 358 486 178 88 451 404 197 75 53 134 95 302 440 378 350 181 89 271 423 52 397 323 99 12 388 232 142 404 251 220 480 103 205 474 282 24 3 253 411 142 100 426 30 180 95 285 409 457 137 39 316 410 356 341 131 351 195 143 204 240 383 483 281 228 476 6 443 467 239 78 132 306 225 362 173
232 164 490 5 215 349 191 209 217 245 51 439 468 379 411 153 155 393 334 298 21 119 380 69 16 355 249 196 278 418 153 334 58 68 377 425 444 287 205 254 4 176 386 252 194 283 368 1 41 474 278 423 160 48 36 188 194 180 182 260 422 475 284 450 444 127 312 326 443 351 481 39 10 159 173 338 446 308 409 356 445 175 81 126 23 123 114 156 495 346 106 202 158 101 46 75 241 481 242 171
128 278 81 402 284 142 55 227 249 248 99 453 89 210 426 243 17 326 169 180 178 132 452 363 228 334 120 98 107 4 243 189 372 236 141 3 358 239 41 416 319 396 326 481 21 334 372 396 482 137 33 291 483 369 214 449 460 163 217 139 72 111 191 353 58 292 388 158 11 373 488 217 339 465 211 393 36 199 391 340 427 320 152 293 274 44 469 118 74 185 4 213 312 213 110 327 334 367 235 353
26 31 243 496 8 66 103 80 440 319 295 134 226 40 384 414 474 209 337 150 353 174 384 65 220 459 220 30 119 261 20 66 335 412 217 163 304 256 185 427 199 463 116 11 404 367 224 88 141 200 101 103 441 313 238 59 152 40 476 223 358 350 121 443 81 353 30 15 392 87 20 227 452 23 323 366 105 358 171 81 90 210 398 51 187 161 18 296 156 328 435 346 37 500 291 463 163 231 280 151
135 6 286 76 469 311 496 72 283 105 407 163 171 28 486 75 482 225 206 290 150 436 377 54 177 146 336 457 429 344 95 117 235 355 455 8 435 418 479 264 500 367 14 436 14 297 461 99 480 175 354 335 470 371 272 440 457 357 488 188 234 231 319 92 54 39 235 347 82 227 2 323 412 459 355 55 481 364 481 124 459 133 364 169 430 28 211 455 256 395 311 125 379 367 480 133 181 74 156 336
446 144 23 408 452 20 362 136 482 116 493 129 171 328 431 164 322 123 137 315 343 353 417 29 139 88 206 389 371 349 198 43 438 83 198 470 470 167 47 457 297 449 343 421 199 433 271 161 448 119 335 135 435 210 500 73 19 443 93 455 91 100 191 343 217 378 142 51 238 68 245 285 183 89 129 243 369 425 248 284 182 167 1 273 360 241 129 97 343 496 316 369 25 337 68 282 120 287 395 189
330 195 456 148 96 424 126 110 286 347 216 492 205 363 235 203 206 184 479 473 423 267 151 370 472 489 263 102 136 73 15 71 163 107 195 379 202 316 271 116 191 313 76 18 427 412 163 371 466 465 182 312 32 363 355 369 158 83 18 446 239 97 176 350 144 263 199 353 456 221 479 345 295 475 397 398 376 150 411 312 332 264 99 310 312 184 273 66 137 480 4 7 295 27 352 438 87 50 446 49
346 37 43 493 100 453 342 139 428 462 75 329 237 349 416 341 278 181 228 102 120 90 162 61 375 471 340 343 198 362 47 452 19 278 108 166 469 217 170 4 97 207 386 277 262 153 272 420 423 254 276 6 193 479 329 145 380 45 203 93 22 40 415 404 282 266 496 202 44 361 264 477 444 292 393 147 400 211 449 159 448 23 321 222 269 378 142 40 125 108 11 57 56 441 378 179 98 279 297 112
59 58 141 96 110 39 304 199 354 297 390 66 257 345 343 366 120 315 54 311 161 237 275 92 472 36 52 484 397 54 210 469 220 254 303 428 333 76 220 280 82 486 323 42 488 230 225 336 275 264 186 276 477 13 288 143 204 140 224 158 451 269 348 51 213 42 110 49 432 154 17 485 463 488 294 128 262 318 462 254 286 372 269 3 135 378 228 345 485 405 338 230 313 452 481 140 266 171 379 225
442 420 162 170 398 181 321 375 284 227 278 24 257 443 203 439 138 248 168 12 495 484 7 137 164 49 32 137 229 400 107 306 204 313 157 43 310 148 139 414 329 128 13 388 424 364 392 83 34 350 205 255 476 346 238 33 417 245 15 277 464 214 54 308 179 445 154 264 271 295 54 302 254 474 85 183 184 69 307 169 370 424 125 436 253 24 389 185 499 35 454 56 418 471 327 456 285 484 461 385
15 355 397 10 232 484 202 38 343 403 241 24 446 359 245 293 240 102 241 177 499 458 315 190 425 270 449 187 435 186 416 368 478 86 498 432 90 372 482 200 81 266 359 489 395 312 195 395 402 306 305 86 466 79 336 409 497 359 378 308 131 150 300 470 200 130 23 157 82 370 276 291 180 58 46 167 346 50 205 474 362 143 400 494 89 130 93 232 21 254 484 472 195 88 463 349 186 446 56 8
101 457 410 271 145 307 179 301 224 79 295 363 417 207 238 223 490 364 231 326 284 285 303 178 431 250 194 74 458 238 322 238 225 29 460 246 130 351 425 107 394 364 66 245 331 488 104 460 456 157 347 170 278 56 364 158 341 22 182 137 251 77 55 381 67 53 245 124 309 411 244 267 397 423 69 416 453 158 267 423 195 21 21 100 375 366 28 110 211 256 489 94 142 418 13 483 13 266 355 184
396 137 236 380 171 37 214 324 465 54 493 241 61 433 102 209 45 334 344 314 311 299 304 175 285 126 218 496 259 44 176 15 405 455 128 437 486 308 33 209 238 446 413 364 200 400 90 162 483 162 134 235 396 319 401 316 268 165 16 489 471 159 60 308 329 390 236 157 26 188 38 334 497 461 221 70 379 161 186 51 224 163 407 123 445 449 320 12 291 458 479 381 153 215 85 464 334 41 482 458
124 84 88 330 103 90 401 167 157 5 415 410 202 154 405 434 420 334 306 442 426 250 46 244 151 423 159 169 11 450 403 437 57 415 301 233 279 243 447 104 232 194 397 33 250 457 114 313 266 466 406 402 18 312 352 322 16 359 9 422 324 297 131 4 86 197 174 215 467 340 302 120 22 76 145 192 154 355 413 408 352 83 327 179 225 459 105 89 166 459 110 460 160 470 403 141 251 5 14 145
60 500 20 199 152 338 71 370 449 408 462 254 60 252 174 131 325 57 419 158 403 235 14 399 248 422 477 89 298 60 3 255 248 330 263 211 499 166 463 199 68 87 210 59 350 65 281 435 441 70 169 415 202 405 108 341 157 322 443 447 353 294 476 482 132 256 278 395 314 201 331 84 340 388 142 89 178 43 226 19 236 384 369 182 302 176 233 404 179 118 455 326 103 20 22 256 76 83 483 477
491 23 425 396 411 300 456 147 475 92 277 242 379 139 243 416 473 71 366 222 482 41 66 74 69 330 451 406 217 130 265 386 492 398 110 341 499 205 233 232 78 156 308 172 45 132 324 181 283 340 61 71 227 179 220 28 66 486 111 120 29 158 99 151 314 390 157 443 210 460 456 26 234 254 143 350 140 5 393 132 228 390 448 486 6 338 17 39 39 225 69 491 414 478 289 51 391 184 422 35
493 220 197 353 188 111 91 214 9 375 159 283 53 382 139 255 385 22 385 104 178 33 240 5 144 327 229 428 288 160 430 158 308 15 180 220 41 80 343 489 405 178 247 86 145 220 266 262 476 276 470 281 209 176 270 368 455 295 387 111 429 231 485 168 135 88 451 19 114 322 393 272 158 495 122 365 471 199 183 7 161 453 200 9 435 455 410 194 39 206 481 426 297 236 104 290 257 158 288 285
308 442 322 366 362 65 233 284 348 97 294 350 153 70 268 462 115 229 258 475 227 197 320 287 470 457 261 199 423 210 298 30 459 220 337 404 177 96 212 480 388 289 29 62 421 246 316 34 304 40 50 121 127 410 181 95 149 316 140 341 81 111 24 362 362 171 66 381 447 443 483 47 293 473 113 89 202 246 317 373 276 409 396 476 144 436 168 466 419 284 288 383 58 314 436 4 419 183 210 182
51 65 56 192 402 149 495 243 216 323 57 183 50 137 217 210 318 360 476 56 270 471 163 431 254 162 494 81 354 319 318 377 4 169 9 182 274 319 389 4 436 67 160 344 79 174 322 247 36 186 149 70 100 59 100 442 137 361 406 403 293 241 233 433 393 358 38 212 371 448 483 112 209 215 443 120 397 94 152 330 471 250 359 298 318 296 92 300 486 421 189 496 327 134 421 305 130 150 379 404
451 136 105 349 33 132 342 283 159 68 215 485 266 382 487 184 250 344 234 437 432 478 283 146 368 24 278 293 135 252 462 94 139 100 421 6 211 122 216 499 313 488 71 348 22 483 185 385 137 242 65 488 486 285 271 253 347 228 11 86 34 134 147 157 199 455 408 86 465 205 135 311 433 363 455 103 257 283 145 498 311 32 500 460 310 471 482 178 199 219 397 183 99 395 338 400 469 453 248 49
256 480 310 365 213 416 12 422 332 376 477 118 132 236 320 246 55 208 454 13 387 346 129 45 45 136 458 478 305 382 349 291 103 365 58 49 28 145 355 337 232 462 247 159 327 25 474 49 69 14 341 164 352 64 474 101 35 114 86 225 473 356 345 406 415 261 328 449 291 450 148 229 31 339 339 483 459 227 60 151 488 42 151 364 400 107 279 407 36 291 374 282 375 307 187 138 334 59 280 329
364 434 170 132 274 371 465 177 16 239 128 149 103 386 142 277 494 435 294 492 36 74 308 392 496 251 166 117 11 471 71 441 354 446 429 142 260 246 286 376 67 478 36 146 326 32 23 281 246 273 76 139 322 318 108 375 168 33 4 221 108 103 210 336 146 466 72 453 306 206 157 316 302 414 142 80 173 315 420 274 236 386 263 323 16 61 309 126 324 173 90 171 246 48 338 20 217 411 146 496
478 314 202 216 252 379 34 233 460 314 261 367 166 349 37 267 316 410 287 20 88 377 339 268 389 368 163 91 40 451 173 128 405 352 385 208 270 310 222 264 220 274 446 41 473 348 381 278 238 79 465 188 460 295 169 98 43 44 43 490 10 196 134 168 170 80 246 436 463 3 56 426 328 53 79 205 29 209 462 185 321 108 192 500 208 421 313 185 72 36 370 45 368 337 451 100 152 349 455 4
364 384 130 235 432 18 68 8 419 173 336 62 274 395 399 171 12 315 183 116 420 112 57 210 237 200 221 268 114 275 366 308 66 480 338 226 379 224 349 34 30 13 481 215 466 219 411 469 99 9 32 120 248 60 272 433 11 414 447 223 22 180 86 89 475 276 70 338 433 465 292 160 290 265 79 458 200 111 436 27 358 18 261 174 355 419 191 134 463 478 397 182 245 431 97 168 162 169 75 289
379 243 301 124 327 150 456 113 288 308 344 341 484 336 133 74 122 20 111 258 254 93 456 142 207 209 139 133 64 370 188 448 200 402 107 353 194 79 424 314 128 296 468 197 344 404 29 8 333 16 297 79 439 495 94 480 82 24 12 438 357 466 95 153 321 418 460 271 109 68 10 118 236 2 475 435 245 40 46 236 434 143 430 221 116 127 371 363 430 175 213 395 417 168 195 14 255 40 232 57
488 454 497 473 141 295 193 356 229 420 2 479 22 419 146 369 259 106 90 202 452 300 190 447 169 289 367 227 161 319 178 480 316 70 107 498 338 177 401 172 91 115 294 296 327 475 134 414 162 304 169 207 411 134 44 477 134 136 263 358 195 425 232 78 149 421 184 339 189 424 160 339 213 422 275 476 370 76 482 334 258 359 216 76 185 155 197 302 287 331 163 346 73 420 30 469 464 335 29 345
354 332 115 233 284 280 97 457 64 477 180 344 496 21 445 36 389 156 234 305 470 96 247 444 121 235 402 394 468 219 325 139 195 44 344 190 164 410 451 267 476 141 244 450 182 244 238 260 396 13 64 460 186 236 316 445 228 249 9 116 142 309 124 350 209 460 378 439 219 418 268 147 175 221 162 18 26 55 456 246 226 362 32 476 33 254 63 306 379 60 306 366 430 417 469 293 367 265 282 444
396 6 387 410 297 234 14 248 348 96 492 170 309 208 437 131 72 253 378 260 446 166 451 178 78 305 270 302 364 201 257 47 197 79 38 459 115 421 447 188 70 311 168 43 427 468 208 266 326 49 57 332 238 148 46 119 189 426 283 449 51 439 208 125 404 102 439 294 306 144 475 321 397 161 206 332 145 334 97 105 202 402 108 37 405 452 423 55 500 142 474 376 374 250 127 260 111 420 337 342
300 45 403 221 464 461 333 86 120 292 190 169 40 418 304 321 57 321 426 482 294 495 470 339 318 362 239 278 292 429 242 397 459 314 48 485 400 293 47 58 312 245 45 462 425 499 224 411 43 282 465 333 237 65 85 335 266 351 370 350 169 153 472 80 378 189 155 408 337 51 114 80 58 227 123 91 127 425 279 88 395 275 234 76 105 155 261 63 35 466 256 115 413 385 122 234 387 251 371 57
291 431 116 169 371 237 238 228 194 328 230 277 11 206 53 307 481 471 361 105 196 410 347 248 369 268 140 371 376 75 107 198 119 118 21 24 277 352 156 371 454 61 465 433 4 312 316 171 409 217 97 466 300 45 196 122 186 301 446 70 364 124 94 332 5 91 275 140 365 144 436 260 49 233 258 313 220 154 234 203 166 200 150 481 336 92 192 75 340 25 233 352 313 46 261 41 5 166 217 133
435 183 257 472 1 361 81 194 421 63 185 288 94 320 447 336 137 222 439 365 288 326 64 371 280 130 347 335 130 121 157 116 176 43 9 93 421 496 166 216 481 196 388 180 326 488 391 9 423 237 324 133 45 317 294 67 266 128 113 388 7 182 327 80 1 225 325 14 459 433 160 146 308 40 256 263 369 445 283 336 451 386 8 147 74 433 417 91 151 349 49 200 279 121 337 339 86 213 455 23
252 83 378 72 109 470 248 358 457 53 94 59 225 91 16 462 305 470 403 228 2 198 227 46 282 354 340 363 199 422 468 361 479 254 66 237 460 378 278 206 296 253 270 442 182 466 167 457 227 44 202 264 45 173 449 162 479 384 475 216 48 162 47 355 17 288 207 153 339 126 5 292 487 458 171 368 366 191 456 411 240 488 82 411 92 1 424 354 66 411 375 212 90 240 15 327 206 237 178 285
