Matriz resultante (100x100):
4900938 4396692 0 4160551 4560480 0 4780798 4383165 0 4735651 4118209 0 4902194 4865492 0 4547489 5261298 0 4288708 4551382 0 4149078 4502157 0 0 4553260 5192845 0 4582826 4425162 0 3800325 4194148 0 4075746 4206473 0 4532350 4088723 0 4290090 4417659 0 4443964 4998076 0 4309422 3903493 0 0 3621837 4672604 0 3836309 4994067 0 3850819 4435286 0 4627283 5327748 0 4500789 4653023 0 4388183 4510701 0 4386756 4628477 0 4898792 4502059 0 0 4022726 4782778 0 4618518 3691758 0 3834286 4144542 0 4227454 5118372 0 4693490 5160436 0 4847945 5082915 0 3779333 4184182 0 4800062 4761191 0 0 
4803483 4158441 0 3906138 4623145 0 4682970 4016945 0 4382742 4421867 0 5063529 5068917 0 4568417 5262454 0 4227857 4354639 0 3852823 4908424 0 0 4721607 4896639 0 4518117 4326954 0 3941827 4319782 0 3974321 4004865 0 4244881 4069708 0 4144847 4197587 0 4235177 5295282 0 4814038 4106711 0 0 3693511 4619684 0 4284443 4664745 0 3796859 4314000 0 4196690 5194822 0 4258952 4464051 0 4397034 4640803 0 4316014 4232337 0 4757655 4494106 0 0 3946451 4289513 0 4386429 3670240 0 3937393 4067633 0 4264722 5116287 0 4701101 5015935 0 4776321 5117604 0 3599623 4229449 0 4599975 4763014 0 0 
0 0 0 0 0 0 0 0 0 0 0 0 0 0 0 0 0 0 0 0 0 0 0 0 0 0 0 0 0 0 0 0 0 0 0 0 0 0 0 0 0 0 0 0 0 0 0 0 0 0 0 0 0 0 0 0 0 0 0 0 0 0 0 0 0 0 0 0 0 0 0 0 0 0 0 0 0 0 0 0 0 0 0 0 0 0 0 0 0 0 0 0 0 0 0 0 0 0 0 0 
4225622 3775263 0 3715146 3683702 0 4387153 3635644 0 3951605 3696910 0 4192608 4490733 0 4354046 4533176 0 4106322 4045822 0 3598071 4139956 0 0 3953013 4367766 0 4006636 3810968 0 3656072 3582734 0 3560701 3752996 0 3801275 3667945 0 4009352 3906847 0 3732352 4390825 0 3851160 3380298 0 0 3092199 4028013 0 3927622 4327079 0 3281150 4000670 0 3553968 4848958 0 3845540 4173459 0 3937322 4242281 0 3993293 3779431 0 4429955 3930129 0 0 3727691 4014376 0 3907701 3386002 0 3548907 3766304 0 3891883 4338535 0 4247747 4659027 0 4192948 4641158 0 3265427 3534745 0 4031140 3921650 0 0 
3981309 3978860 0 3967560 4221421 0 4104260 3798662 0 4060192 3156271 0 4351945 3923905 0 3712518 4052006 0 3917347 3763531 0 3442171 4343109 0 0 3900321 4222397 0 3873612 3822467 0 3500365 3790588 0 3507460 3601701 0 3968931 3724606 0 3493701 3699783 0 3567502 4750337 0 3960070 3262392 0 0 3000530 3801348 0 3678913 3935375 0 3274078 3633906 0 3689921 4554979 0 3869016 4285058 0 3859410 4012816 0 3456415 3912966 0 4254707 3875310 0 0 3352930 3795231 0 3761384 3454175 0 3563727 3487897 0 3495891 4242586 0 4081496 4633121 0 3948699 4234845 0 3294828 3531208 0 3784729 4191730 0 0 
0 0 0 0 0 0 0 0 0 0 0 0 0 0 0 0 0 0 0 0 0 0 0 0 0 0 0 0 0 0 0 0 0 0 0 0 0 0 0 0 0 0 0 0 0 0 0 0 0 0 0 0 0 0 0 0 0 0 0 0 0 0 0 0 0 0 0 0 0 0 0 0 0 0 0 0 0 0 0 0 0 0 0 0 0 0 0 0 0 0 0 0 0 0 0 0 0 0 0 0 
3964052 3550839 0 3577519 3837621 0 4544328 3951488 0 4044491 4136813 0 4731479 4540322 0 4260781 4762831 0 3950934 4060222 0 3490056 4181713 0 0 4110745 4323625 0 3779146 4294315 0 3490443 3961603 0 3595098 3888447 0 4043136 3670029 0 3610062 3869067 0 4158988 4637730 0 3981012 3852323 0 0 3571318 4206230 0 4151069 4324835 0 3539847 4205937 0 4069164 4718505 0 4010749 4118066 0 4231272 3972826 0 4088049 3869393 0 4270734 3742223 0 0 3822106 4035973 0 3982415 3113247 0 3712685 3500447 0 3681210 4632718 0 4075132 4678968 0 4490401 4297552 0 3450494 3628330 0 4328609 4334272 0 0 
3885587 3613641 0 3954783 3683405 0 4498133 3869655 0 3652494 3617715 0 4316201 4209588 0 4258253 4196782 0 3774466 3917450 0 3415501 4285796 0 0 3787206 4239539 0 3469092 3826792 0 3317107 3443466 0 3338007 3802342 0 3798298 3675917 0 3727089 3840447 0 3710683 4704247 0 3923126 3427217 0 0 3303297 3918730 0 3865724 4157480 0 3372951 3820000 0 3447642 4575836 0 3644702 4289764 0 4102501 4091356 0 3793121 3591530 0 4150338 3961559 0 0 3598522 4086413 0 3924803 3270250 0 3618186 3347414 0 3620963 4407514 0 3971365 4318112 0 4120584 4092081 0 3385305 3453013 0 4196742 3805839 0 0 
0 0 0 0 0 0 0 0 0 0 0 0 0 0 0 0 0 0 0 0 0 0 0 0 0 0 0 0 0 0 0 0 0 0 0 0 0 0 0 0 0 0 0 0 0 0 0 0 0 0 0 0 0 0 0 0 0 0 0 0 0 0 0 0 0 0 0 0 0 0 0 0 0 0 0 0 0 0 0 0 0 0 0 0 0 0 0 0 0 0 0 0 0 0 0 0 0 0 0 0 
4142347 3665758 0 3875916 4222763 0 4336091 3919949 0 4163945 4057999 0 4741578 4341072 0 4355227 4668279 0 4147422 3826714 0 3563134 4411645 0 0 4102156 4484895 0 3965785 4149213 0 3731973 4039882 0 3583037 3919496 0 3883184 3483027 0 3987183 3974741 0 4031134 4835339 0 3753706 3680697 0 0 3606728 4326417 0 3984981 3811162 0 3786175 4344414 0 4181171 4492184 0 3937388 4256099 0 4382022 4310344 0 4023448 3775215 0 4394151 4158542 0 0 3738989 4363865 0 3993884 3468247 0 3417012 3608046 0 3654646 4389390 0 4058059 4411260 0 4364466 4226386 0 3629932 3778511 0 4191159 4522214 0 0 
4404577 3963576 0 4276124 3983100 0 4109170 3565363 0 4025960 3920991 0 4925710 4233209 0 4386142 4576056 0 3748887 4114881 0 3168869 4299717 0 0 4260691 4362013 0 3832238 3886767 0 3806698 4011889 0 3581592 3854229 0 3883882 3704999 0 4157077 4073833 0 3837352 4440055 0 3878199 3518198 0 0 3578240 4163468 0 3805568 4379400 0 3377425 4034745 0 4049926 4471497 0 3871358 4524981 0 4283843 4549157 0 3939731 4109869 0 4288017 3961177 0 0 3924641 3899504 0 3775373 3506905 0 3942446 3521221 0 3765181 4654541 0 4250718 4646180 0 4091502 4166279 0 3146141 3539495 0 4020165 4661392 0 0 
0 0 0 0 0 0 0 0 0 0 0 0 0 0 0 0 0 0 0 0 0 0 0 0 0 0 0 0 0 0 0 0 0 0 0 0 0 0 0 0 0 0 0 0 0 0 0 0 0 0 0 0 0 0 0 0 0 0 0 0 0 0 0 0 0 0 0 0 0 0 0 0 0 0 0 0 0 0 0 0 0 0 0 0 0 0 0 0 0 0 0 0 0 0 0 0 0 0 0 0 
3736151 3206845 0 3290418 3740861 0 3683100 3211047 0 3541140 3343161 0 3937725 3920473 0 3764125 3955301 0 3654130 3670147 0 3278312 4065617 0 0 3798379 4061563 0 3111003 3548190 0 3104414 3430698 0 3073432 3216411 0 3441821 3354810 0 3388314 3448412 0 3337471 4091750 0 3675111 3285954 0 0 2817729 3669391 0 3292990 3684526 0 3043982 3149368 0 3358370 4358215 0 3360660 3943646 0 3327589 3577961 0 3430797 3069392 0 3806967 3886131 0 0 3156218 3490869 0 3624800 3046043 0 2932950 3209181 0 3236209 4029238 0 3837626 3892484 0 3788470 3993763 0 3099227 3210086 0 3571833 3725461 0 0 
4706081 3838849 0 4239826 3931660 0 4766662 3899976 0 4040254 4055597 0 4913016 4522474 0 4855811 4683638 0 4273698 4279236 0 3850567 4880451 0 0 4171495 4780480 0 3704871 4460156 0 3764300 3719871 0 3708446 4192676 0 4081974 4018516 0 4301928 4245000 0 4096806 4814886 0 4023710 3725529 0 0 3328203 4469371 0 4142587 4613686 0 3865086 4268780 0 4066805 5150228 0 4083910 4500084 0 4262115 4293583 0 4414066 3928780 0 4468244 4369329 0 0 3934340 4326491 0 4227502 3437933 0 3593596 3827229 0 4178113 4768441 0 4466830 4794503 0 4487610 4547439 0 3801673 3871101 0 4294999 4253882 0 0 
0 0 0 0 0 0 0 0 0 0 0 0 0 0 0 0 0 0 0 0 0 0 0 0 0 0 0 0 0 0 0 0 0 0 0 0 0 0 0 0 0 0 0 0 0 0 0 0 0 0 0 0 0 0 0 0 0 0 0 0 0 0 0 0 0 0 0 0 0 0 0 0 0 0 0 0 0 0 0 0 0 0 0 0 0 0 0 0 0 0 0 0 0 0 0 0 0 0 0 0 
4907037 4427216 0 4113884 4563972 0 4643284 4255998 0 4761439 4377067 0 5161764 5145555 0 4752700 5291458 0 4666553 4623137 0 3997102 4966393 0 0 4525780 4901055 0 4294596 4160334 0 4101610 4441333 0 4091376 4412050 0 4633548 3946619 0 4430238 4392345 0 4096709 5443176 0 4434562 4261109 0 0 3692368 5029568 0 4175599 4662487 0 4159505 4878205 0 4544893 5550099 0 4111171 4842320 0 4681564 4724369 0 4501684 4366430 0 4907194 4940665 0 0 4171320 4636024 0 4544158 3552134 0 3894105 3882351 0 4460630 5273698 0 4673315 5123895 0 5067689 5059059 0 3810303 4014992 0 4757150 4407577 0 0 
4649896 3781076 0 3972078 3969904 0 4152421 3868832 0 4335513 3775356 0 4994075 4199700 0 4402993 4875902 0 3912376 3934022 0 3860349 4497082 0 0 4021928 4624600 0 4189495 3996950 0 3362072 3752477 0 3485626 3895865 0 3838522 3700817 0 3907508 4036423 0 4070963 4759025 0 3840073 3692860 0 0 3122718 4414749 0 3800323 4330214 0 3626610 4324666 0 3986923 4916078 0 3940439 4382509 0 4216763 4018597 0 4358117 3839865 0 4493921 4190008 0 0 3628563 4283796 0 3853288 3521303 0 3611215 3672453 0 4224589 4717190 0 4230085 4640419 0 4473186 4306607 0 3549388 3971244 0 4460027 4079270 0 0 
0 0 0 0 0 0 0 0 0 0 0 0 0 0 0 0 0 0 0 0 0 0 0 0 0 0 0 0 0 0 0 0 0 0 0 0 0 0 0 0 0 0 0 0 0 0 0 0 0 0 0 0 0 0 0 0 0 0 0 0 0 0 0 0 0 0 0 0 0 0 0 0 0 0 0 0 0 0 0 0 0 0 0 0 0 0 0 0 0 0 0 0 0 0 0 0 0 0 0 0 
3981072 3397316 0 3678921 4011292 0 3919762 3435949 0 3856684 3235535 0 4560378 3693063 0 4244399 4222761 0 3306355 3641463 0 3441849 3830410 0 0 3619712 4246269 0 3640859 3780651 0 3255079 3628328 0 3129141 3749903 0 3631625 3564891 0 3310607 3725081 0 3494176 4357524 0 3794363 3370270 0 0 2997730 3655449 0 3294787 4084376 0 3138306 3414581 0 3623776 4325929 0 3753025 3914964 0 3713477 3743451 0 3523827 3323670 0 3904329 3516415 0 0 3108544 3492408 0 3496702 3048005 0 3155571 3404552 0 3526418 4163898 0 3813971 4276138 0 3726403 4000263 0 3346943 3535858 0 3995170 3903111 0 0 
4901248 4375376 0 4381369 4240258 0 4704303 4037389 0 4608101 4127027 0 5125940 4616290 0 4363851 4733945 0 4301728 3990838 0 3708006 5166157 0 0 4460364 4887805 0 4274083 4232746 0 3821344 4416826 0 4091524 4025609 0 4365291 4121139 0 4154050 4104782 0 4103578 5352192 0 4524132 4034774 0 0 3544360 4473116 0 4109763 4593393 0 4029035 4567948 0 3919279 4914543 0 4121911 4906321 0 4395181 4168073 0 3998857 4669877 0 4706941 4124195 0 0 3978856 4560271 0 3994700 3400458 0 4222456 3970341 0 4116904 4774082 0 4384957 4879897 0 4250733 4844410 0 3613399 4120213 0 4334873 4957437 0 0 
0 0 0 0 0 0 0 0 0 0 0 0 0 0 0 0 0 0 0 0 0 0 0 0 0 0 0 0 0 0 0 0 0 0 0 0 0 0 0 0 0 0 0 0 0 0 0 0 0 0 0 0 0 0 0 0 0 0 0 0 0 0 0 0 0 0 0 0 0 0 0 0 0 0 0 0 0 0 0 0 0 0 0 0 0 0 0 0 0 0 0 0 0 0 0 0 0 0 0 0 
3833675 2982346 0 3613881 3779448 0 4028955 3324461 0 3741841 3448770 0 4164455 3747308 0 3486592 3937123 0 3599075 3455526 0 3246477 3662821 0 0 3834274 3810165 0 3419832 3542921 0 3145071 3473865 0 3294185 2949212 0 3547545 3277606 0 3403298 3397853 0 3417211 4156026 0 3571186 3037548 0 0 2611545 3522940 0 3437730 3568022 0 3068811 3410533 0 3062998 3913637 0 3458819 3599409 0 3737052 3695589 0 3249280 3451036 0 3932917 3346474 0 0 3249785 3709877 0 3287571 3243395 0 3161062 3352038 0 3398400 3967184 0 3707845 3891215 0 3598641 4212671 0 2902575 3226405 0 3695932 3660530 0 0 
4116630 3713260 0 3999396 3954778 0 4467716 3630917 0 3865051 3324162 0 4338464 3980340 0 3816732 3961209 0 3976660 3740243 0 3303628 4273579 0 0 3845467 4167768 0 3652200 3778213 0 3290410 3756049 0 3714327 3448613 0 3696015 3776572 0 3627134 3774798 0 3836456 4570859 0 3823220 3549422 0 0 3149922 3939999 0 3666852 4268190 0 3251801 3364165 0 3871064 4552183 0 3797004 4069410 0 3920178 3798738 0 3645022 4116831 0 4090525 3845932 0 0 3355585 4021799 0 3739122 3133059 0 3412720 3643952 0 3613665 4567516 0 4221976 4675600 0 4052037 4177218 0 3367184 3583083 0 3899386 4170507 0 0 
0 0 0 0 0 0 0 0 0 0 0 0 0 0 0 0 0 0 0 0 0 0 0 0 0 0 0 0 0 0 0 0 0 0 0 0 0 0 0 0 0 0 0 0 0 0 0 0 0 0 0 0 0 0 0 0 0 0 0 0 0 0 0 0 0 0 0 0 0 0 0 0 0 0 0 0 0 0 0 0 0 0 0 0 0 0 0 0 0 0 0 0 0 0 0 0 0 0 0 0 
0 0 0 0 0 0 0 0 0 0 0 0 0 0 0 0 0 0 0 0 0 0 0 0 0 0 0 0 0 0 0 0 0 0 0 0 0 0 0 0 0 0 0 0 0 0 0 0 0 0 0 0 0 0 0 0 0 0 0 0 0 0 0 0 0 0 0 0 0 0 0 0 0 0 0 0 0 0 0 0 0 0 0 0 0 0 0 0 0 0 0 0 0 0 0 0 0 0 0 0 
4291267 3617275 0 3461290 3871100 0 3987154 3682084 0 4172294 3788665 0 4357379 4280852 0 4184836 4211542 0 3681186 3685129 0 3386364 4113251 0 0 4288899 3841404 0 3709699 3515508 0 3326609 3632592 0 3345920 3589124 0 3931090 3427776 0 3480960 3912721 0 3520107 4331329 0 3943873 3480895 0 0 3422537 4438810 0 3881923 4033923 0 3374977 3859842 0 3548910 4511638 0 3734246 3997932 0 4423631 4170176 0 3544799 3688796 0 4207215 3904802 0 0 3571946 3517990 0 3453167 3341717 0 3380941 3543871 0 3644412 4341654 0 4042255 4467022 0 3790395 4270581 0 3114946 3375534 0 4099600 4133814 0 0 
4248502 3891409 0 3977745 3921717 0 4466241 3761885 0 4364400 3356090 0 4904619 4522434 0 4329243 4982890 0 4170963 4143408 0 3842196 4590984 0 0 4194569 4369478 0 4034772 4241307 0 3618365 4058845 0 3719192 4184675 0 4264161 4194447 0 4080822 4438881 0 4179712 4750206 0 4005819 3663574 0 0 3338470 4613001 0 3862686 4325485 0 3290026 4266650 0 4176095 4664697 0 3744585 4410717 0 3977372 4222352 0 4058355 4014705 0 4271669 4339381 0 0 4013903 4016009 0 3962465 3393298 0 3340701 3913868 0 3849979 4441590 0 4129722 4793281 0 4359989 4534007 0 3578198 4121491 0 4169567 4304684 0 0 
0 0 0 0 0 0 0 0 0 0 0 0 0 0 0 0 0 0 0 0 0 0 0 0 0 0 0 0 0 0 0 0 0 0 0 0 0 0 0 0 0 0 0 0 0 0 0 0 0 0 0 0 0 0 0 0 0 0 0 0 0 0 0 0 0 0 0 0 0 0 0 0 0 0 0 0 0 0 0 0 0 0 0 0 0 0 0 0 0 0 0 0 0 0 0 0 0 0 0 0 
4800649 4196649 0 3946364 4700490 0 4715239 4346731 0 4502846 4168691 0 5006301 4618659 0 4540523 5120259 0 4339711 4378746 0 3885692 5000028 0 0 4646824 4403337 0 4092895 4585003 0 3630184 4154418 0 4075738 3781854 0 4377960 3901411 0 3881943 4247402 0 4408539 5264895 0 4612571 3828300 0 0 3434217 4855789 0 4293318 4523802 0 3760609 4128922 0 4284961 5207613 0 4154943 4960040 0 4332525 4320005 0 4537508 4087442 0 4903320 4144504 0 0 4021458 3988235 0 4043560 3625816 0 3865904 4141369 0 4080053 4986504 0 4613569 4789226 0 4543593 4755442 0 3852636 3847166 0 4398029 4389839 0 0 
3755220 3245990 0 3822201 3611224 0 3924094 3229736 0 3668291 3113712 0 4238252 3965723 0 3776771 4060513 0 3750627 3713972 0 3130257 3864530 0 0 3844847 3881900 0 3182347 3507766 0 3286429 3698675 0 3450044 3609756 0 3588390 3436878 0 3512523 3770982 0 3390326 4224341 0 3500811 3156507 0 0 2900133 4017226 0 3274823 3800079 0 3208365 3454690 0 3259978 4115608 0 3408694 3787711 0 3464318 3634674 0 3456763 3361041 0 3865971 3849724 0 0 3531586 3787106 0 3655038 3058381 0 3073150 3371407 0 3189244 4048685 0 3626838 4327413 0 3670571 4185586 0 3222019 3144262 0 3843465 3421289 0 0 
0 0 0 0 0 0 0 0 0 0 0 0 0 0 0 0 0 0 0 0 0 0 0 0 0 0 0 0 0 0 0 0 0 0 0 0 0 0 0 0 0 0 0 0 0 0 0 0 0 0 0 0 0 0 0 0 0 0 0 0 0 0 0 0 0 0 0 0 0 0 0 0 0 0 0 0 0 0 0 0 0 0 0 0 0 0 0 0 0 0 0 0 0 0 0 0 0 0 0 0 
4453368 4154663 0 3906966 4388517 0 4275615 4025608 0 4198364 4131254 0 4766549 4228187 0 4262566 4446308 0 4094062 4100432 0 3774233 4474132 0 0 3897962 4601929 0 3745698 3953095 0 3504904 4359699 0 3685489 4047897 0 3766193 3700595 0 3764906 3957585 0 4303937 4893204 0 3874094 3631253 0 0 3247698 4232759 0 3982067 4242824 0 3626497 4044176 0 4391900 4556747 0 3747047 4572791 0 4277780 4284518 0 4069832 4236502 0 4638700 4149293 0 0 4008295 4006472 0 3931126 3444640 0 3547310 3560189 0 3523119 4504806 0 4270973 4390597 0 4249351 4197823 0 3250320 3639529 0 4255005 4422232 0 0 
3858204 3242202 0 3181435 3497455 0 3579963 3312440 0 3460244 2987308 0 3974060 3496132 0 3368566 3829578 0 3270450 3469893 0 3068600 3549908 0 0 3497113 3854196 0 3210299 3406841 0 2942943 3061612 0 3189170 3212056 0 3372078 2764073 0 3411824 3242345 0 3064607 4070323 0 3518065 2978382 0 0 2791807 3541137 0 3204521 3317515 0 3054695 3615257 0 3218953 3900740 0 3389633 3806137 0 3619098 3605305 0 3481144 3301165 0 3614220 3246596 0 0 3223061 3563979 0 3124798 2877568 0 2877235 2991053 0 3243632 3782445 0 3754241 3928266 0 3324794 3549711 0 2803735 2763773 0 3406331 3661047 0 0 
0 0 0 0 0 0 0 0 0 0 0 0 0 0 0 0 0 0 0 0 0 0 0 0 0 0 0 0 0 0 0 0 0 0 0 0 0 0 0 0 0 0 0 0 0 0 0 0 0 0 0 0 0 0 0 0 0 0 0 0 0 0 0 0 0 0 0 0 0 0 0 0 0 0 0 0 0 0 0 0 0 0 0 0 0 0 0 0 0 0 0 0 0 0 0 0 0 0 0 0 
3448789 3079589 0 3563252 3616298 0 4043206 3343029 0 3552762 3103612 0 3883719 3875631 0 3805585 4084233 0 3525237 3322333 0 3186738 3537730 0 0 3424523 4117280 0 3420009 3653054 0 3107334 3302991 0 3170414 3261134 0 3723279 3343783 0 3736373 3566504 0 3529249 4258698 0 3482507 3279255 0 0 2885545 3481704 0 3253191 3945673 0 3303022 3462499 0 3567566 3824322 0 3698595 3648590 0 3656299 3665165 0 3404084 3573579 0 3699810 3351149 0 0 3399138 3448213 0 3646948 3348606 0 3015932 3433876 0 3072604 4035837 0 3790674 4144415 0 3779041 3790102 0 2997677 3325457 0 3832911 3607147 0 0 
3959618 3753392 0 3719576 4068801 0 4346731 3941178 0 3890094 3359413 0 4471249 4361940 0 4001876 4533886 0 3893870 3780427 0 3500749 4324672 0 0 4116965 4054230 0 3684257 4026316 0 3548953 3696266 0 3429475 3554693 0 4106088 3550934 0 3899618 4017810 0 3635999 4836120 0 4072261 3324968 0 0 3339887 4173197 0 4134263 4175879 0 3488598 4218290 0 3480447 4807424 0 3987367 3820825 0 4345145 4065210 0 3826828 3576325 0 4095205 3905030 0 0 3521043 3924971 0 3947916 3708602 0 3555195 3414189 0 3671210 4410814 0 4056460 4687935 0 4410932 4662455 0 3666667 3661904 0 4294999 3825460 0 0 
0 0 0 0 0 0 0 0 0 0 0 0 0 0 0 0 0 0 0 0 0 0 0 0 0 0 0 0 0 0 0 0 0 0 0 0 0 0 0 0 0 0 0 0 0 0 0 0 0 0 0 0 0 0 0 0 0 0 0 0 0 0 0 0 0 0 0 0 0 0 0 0 0 0 0 0 0 0 0 0 0 0 0 0 0 0 0 0 0 0 0 0 0 0 0 0 0 0 0 0 
3804886 3980716 0 3823291 3813471 0 3802012 3519361 0 3598796 3618055 0 4190696 3796648 0 3671100 4263356 0 3738997 3425779 0 3140523 4048370 0 0 3564212 4077298 0 3444741 3551568 0 3185663 3872417 0 3335832 3695158 0 3846775 3357941 0 3607881 3887029 0 3226741 4531610 0 3818783 3339140 0 0 3178879 3909984 0 3317143 3728197 0 3226191 3780529 0 3562127 4336571 0 3552588 4222471 0 3707155 3624592 0 3726360 3858766 0 4150819 3796807 0 0 3727558 3761349 0 3575050 2996233 0 3406536 3088167 0 3358333 4087253 0 3709665 4111181 0 3913011 3997711 0 3329708 3504055 0 3598115 3923047 0 0 
2891168 2651857 0 3116412 2956594 0 3147546 2663432 0 2969467 2478481 0 3210907 3177938 0 3165574 3313710 0 3161699 2645056 0 2843728 3095127 0 0 2834720 3316010 0 2805885 2871177 0 2497387 2993987 0 2706213 2700634 0 2827534 2647335 0 2935473 2798439 0 2779467 3305983 0 2803718 2318506 0 0 2318736 2862409 0 2628502 3233832 0 2372081 3074989 0 2944764 3250509 0 2842920 3167002 0 3217455 3263245 0 2993677 2869031 0 2900509 2550196 0 0 2841499 3131550 0 2775607 2505507 0 2724436 2684349 0 2828076 3290971 0 3066928 3482542 0 2966867 3292160 0 2559788 2612085 0 3013469 2888568 0 0 
0 0 0 0 0 0 0 0 0 0 0 0 0 0 0 0 0 0 0 0 0 0 0 0 0 0 0 0 0 0 0 0 0 0 0 0 0 0 0 0 0 0 0 0 0 0 0 0 0 0 0 0 0 0 0 0 0 0 0 0 0 0 0 0 0 0 0 0 0 0 0 0 0 0 0 0 0 0 0 0 0 0 0 0 0 0 0 0 0 0 0 0 0 0 0 0 0 0 0 0 
4580177 4049318 0 3801752 4435595 0 4164194 4031412 0 4059868 4104861 0 4657314 4199293 0 4207327 4389897 0 3944507 4018255 0 3723438 4428200 0 0 4358374 4390467 0 3877396 4007202 0 3529411 4084438 0 3687259 3888922 0 3871910 3670631 0 3839406 3922764 0 3771739 4816052 0 4102962 3565670 0 0 3361773 4092268 0 3849915 3992475 0 3909323 4291125 0 3785779 4612293 0 4111063 4442501 0 4512363 4363352 0 3910376 4005895 0 4372504 3988912 0 0 3881648 4418274 0 3648110 3639747 0 3849611 3470733 0 3710205 4362252 0 4288753 4612743 0 4103077 4633475 0 3420205 3678165 0 4135431 4723448 0 0 
4568868 3873365 0 3851623 4241879 0 4377725 3949291 0 3859295 3779609 0 4747840 3817192 0 4643726 4522899 0 3843642 3960025 0 3822951 4222987 0 0 4225160 4307730 0 3894241 4272073 0 3462334 4057991 0 3448456 4018143 0 4209521 3852333 0 3906010 4332262 0 4161117 4645247 0 3827941 3371144 0 0 3374772 4138329 0 3598809 4390414 0 3549438 3944771 0 4108986 4819966 0 3859067 4363086 0 4147362 3953365 0 4148211 3936901 0 4295554 3963511 0 0 3693568 4301839 0 3805483 3329083 0 3553609 3752877 0 3714235 4622635 0 4059087 4592173 0 4295830 4475909 0 3666327 3825169 0 4055112 4595537 0 0 
0 0 0 0 0 0 0 0 0 0 0 0 0 0 0 0 0 0 0 0 0 0 0 0 0 0 0 0 0 0 0 0 0 0 0 0 0 0 0 0 0 0 0 0 0 0 0 0 0 0 0 0 0 0 0 0 0 0 0 0 0 0 0 0 0 0 0 0 0 0 0 0 0 0 0 0 0 0 0 0 0 0 0 0 0 0 0 0 0 0 0 0 0 0 0 0 0 0 0 0 
4355644 4097388 0 3825013 3991042 0 4320395 3661892 0 4408060 3486081 0 4351213 4388911 0 4016703 4277011 0 3940790 3731416 0 3545888 4329773 0 0 3932368 4304694 0 4020009 4057860 0 3528183 3766889 0 3533064 3608666 0 3899498 3600501 0 3932297 3990990 0 3780439 4316290 0 3828527 3413488 0 0 3123916 4078682 0 3790018 4407807 0 3563351 3921415 0 3644025 4521425 0 3874330 4227819 0 4314650 4110329 0 3584288 4144780 0 4309002 3838179 0 0 3667026 4033637 0 3679156 3383941 0 3394453 3750125 0 3880526 4476683 0 4234549 4673259 0 3927789 4201434 0 3536643 3701753 0 4122724 4311839 0 0 
4462226 3968184 0 3874379 4208540 0 4651773 4348175 0 4641364 3828798 0 4998827 4794412 0 4713121 5254652 0 4634187 4266926 0 4213945 4519518 0 0 4692008 4636520 0 4033406 4478008 0 3743529 4293800 0 3922885 4166421 0 4480739 4117740 0 4361332 4217070 0 4101986 4898173 0 4317825 3840013 0 0 3633952 4480130 0 4050118 4482191 0 4070975 4758187 0 4137627 4959922 0 4323836 4674854 0 4726130 4650822 0 4316732 4077661 0 5024715 4410886 0 0 4236814 4598400 0 4026872 3771935 0 3995680 3711272 0 4149855 4624541 0 4365464 5160365 0 4571300 5061913 0 3677373 3850431 0 4897322 4515122 0 0 
0 0 0 0 0 0 0 0 0 0 0 0 0 0 0 0 0 0 0 0 0 0 0 0 0 0 0 0 0 0 0 0 0 0 0 0 0 0 0 0 0 0 0 0 0 0 0 0 0 0 0 0 0 0 0 0 0 0 0 0 0 0 0 0 0 0 0 0 0 0 0 0 0 0 0 0 0 0 0 0 0 0 0 0 0 0 0 0 0 0 0 0 0 0 0 0 0 0 0 0 
4470159 3692443 0 3947234 4187967 0 4507246 4021516 0 4127527 4046099 0 4526523 4726101 0 4441468 4672259 0 4010584 4169900 0 3721430 4633162 0 0 4249950 4589642 0 3994459 4167645 0 3732572 3962374 0 3633770 3746313 0 4111054 3901326 0 3890190 4067646 0 4265681 4919682 0 4115830 3710254 0 0 3029701 4440508 0 3999651 4477682 0 3704154 4099905 0 3818604 4683572 0 3881687 4563723 0 4096516 4188762 0 3998917 4006739 0 4577051 4011168 0 0 3842805 4222303 0 3908695 3345242 0 3612320 3888926 0 3927130 4660298 0 4357413 4219905 0 4247017 4868488 0 3385728 3620108 0 4122647 4310080 0 0 
4897875 4490185 0 4222592 4593148 0 4645027 4220157 0 4265889 4068148 0 4859620 4400746 0 4774776 4986872 0 4386864 4123899 0 3656350 4587592 0 0 4101614 4795188 0 4243494 4242210 0 3710134 4090228 0 3837731 4215866 0 4324275 4075162 0 4646372 4746585 0 4375719 5012992 0 4215761 3721583 0 0 3482772 4463502 0 3881621 4854451 0 3812763 4425534 0 4662928 5108452 0 4176879 4836237 0 4467062 4538087 0 4596478 4173202 0 4606676 4646942 0 0 4236970 4466086 0 4344201 3744556 0 3890847 3668059 0 4122289 4953931 0 4797500 5024611 0 4534653 4676630 0 3842129 3815400 0 4516264 4693289 0 0 
0 0 0 0 0 0 0 0 0 0 0 0 0 0 0 0 0 0 0 0 0 0 0 0 0 0 0 0 0 0 0 0 0 0 0 0 0 0 0 0 0 0 0 0 0 0 0 0 0 0 0 0 0 0 0 0 0 0 0 0 0 0 0 0 0 0 0 0 0 0 0 0 0 0 0 0 0 0 0 0 0 0 0 0 0 0 0 0 0 0 0 0 0 0 0 0 0 0 0 0 
0 0 0 0 0 0 0 0 0 0 0 0 0 0 0 0 0 0 0 0 0 0 0 0 0 0 0 0 0 0 0 0 0 0 0 0 0 0 0 0 0 0 0 0 0 0 0 0 0 0 0 0 0 0 0 0 0 0 0 0 0 0 0 0 0 0 0 0 0 0 0 0 0 0 0 0 0 0 0 0 0 0 0 0 0 0 0 0 0 0 0 0 0 0 0 0 0 0 0 0 
4267157 3443532 0 3708784 4370420 0 4245820 3911923 0 4200426 3996094 0 4901693 4247008 0 4220987 4528528 0 3934228 3556463 0 3665591 4420157 0 0 4121269 4473304 0 3553522 4140640 0 3197389 3924738 0 3449115 3782637 0 3996751 3582805 0 3957299 4022089 0 3817628 4854374 0 4096593 3581884 0 0 3238154 4021490 0 3922132 4121662 0 3724656 4172034 0 3712737 4494731 0 3940473 4288019 0 4065485 3988223 0 3956684 3631094 0 4101926 3825985 0 0 3558745 4173292 0 3629524 3520212 0 3546951 3321604 0 3708031 4731890 0 4369263 4307484 0 4079779 4064893 0 3592941 3559331 0 4366322 4377506 0 0 
4248861 3685010 0 3994142 4147462 0 4504701 4041923 0 3953855 3678149 0 4558309 4036031 0 4076325 4286721 0 3700734 4161058 0 3217342 4464670 0 0 3841460 4352757 0 3759085 3990280 0 3460396 3796940 0 3750963 3698925 0 3889758 3705398 0 3869687 3846195 0 4010055 4804042 0 4128424 3751405 0 0 3389280 4361972 0 3766319 4424934 0 3339680 3957924 0 4052219 4552967 0 3846645 4360854 0 3986533 4021802 0 3964967 4094888 0 4118059 3752856 0 0 3353285 3878942 0 3781593 3226444 0 3828338 3443252 0 3515984 4601317 0 4193708 4536360 0 4220108 4078174 0 3251992 3517240 0 3900145 4142397 0 0 
0 0 0 0 0 0 0 0 0 0 0 0 0 0 0 0 0 0 0 0 0 0 0 0 0 0 0 0 0 0 0 0 0 0 0 0 0 0 0 0 0 0 0 0 0 0 0 0 0 0 0 0 0 0 0 0 0 0 0 0 0 0 0 0 0 0 0 0 0 0 0 0 0 0 0 0 0 0 0 0 0 0 0 0 0 0 0 0 0 0 0 0 0 0 0 0 0 0 0 0 
3767091 3432570 0 3344523 3625660 0 3929887 3342379 0 3335541 3432061 0 4184799 3553267 0 4010017 3801550 0 3477293 3313786 0 3035174 3742662 0 0 3536990 3988723 0 3088225 3372264 0 2902945 3229094 0 3159553 3217584 0 3417694 3394770 0 3317788 3596506 0 3174460 4107245 0 3626779 3185925 0 0 2681696 3539226 0 3282261 3652727 0 3234014 3553255 0 3553817 4121767 0 3533359 4014828 0 3494636 3470152 0 3158123 3289784 0 3447226 3453189 0 0 3304931 3714431 0 3259165 2867607 0 3084136 2999241 0 3033305 3923186 0 3548366 4111803 0 3499393 3952698 0 2940917 3371814 0 3481796 4139844 0 0 
4248106 3451820 0 3852227 4277676 0 4175040 3586306 0 3811272 3846222 0 4747449 4071792 0 4001181 4285944 0 3682900 3907468 0 3500873 4096368 0 0 3758976 4394928 0 3923207 3810295 0 3337885 3554748 0 3308046 3443051 0 4050698 3534551 0 3620640 3878643 0 3686316 4625207 0 3813629 3709441 0 0 3389469 4053555 0 3445924 3992045 0 3405468 3623836 0 4159281 4303903 0 3760599 4237284 0 3986236 4082471 0 3966720 3439831 0 3962311 3986258 0 0 3268707 3791810 0 3929429 3347429 0 3175737 3413974 0 3720446 4556526 0 4203592 4352133 0 4156349 3988264 0 3128016 3459787 0 3874064 4349746 0 0 
0 0 0 0 0 0 0 0 0 0 0 0 0 0 0 0 0 0 0 0 0 0 0 0 0 0 0 0 0 0 0 0 0 0 0 0 0 0 0 0 0 0 0 0 0 0 0 0 0 0 0 0 0 0 0 0 0 0 0 0 0 0 0 0 0 0 0 0 0 0 0 0 0 0 0 0 0 0 0 0 0 0 0 0 0 0 0 0 0 0 0 0 0 0 0 0 0 0 0 0 
4481260 4019061 0 3771812 4367991 0 4371441 4465189 0 4563428 3687344 0 4864065 4435903 0 4662706 4861738 0 4283129 4514878 0 4022357 4640577 0 0 4413061 4382052 0 4126929 4197072 0 3276242 4032245 0 3830267 3989406 0 4474214 3973621 0 3900254 4200566 0 4176613 4740226 0 4152881 3651138 0 0 3359105 4515861 0 3930649 4519410 0 3692102 4430417 0 4324869 5230374 0 4193680 4358555 0 4457397 4292819 0 4242915 4182540 0 4445398 4396331 0 0 3542717 4409134 0 4041580 3660627 0 3706443 3703040 0 4056795 4965885 0 4283525 5025090 0 4866644 4681180 0 3618302 4350959 0 4417816 4510231 0 0 
4860400 4051139 0 4199583 4450056 0 4329346 3910493 0 4421404 3807845 0 5116796 4192258 0 4297969 4727512 0 3999232 3921629 0 3861712 4425950 0 0 4137335 4849670 0 3956824 4252498 0 3342348 3919179 0 3815240 3919717 0 3954931 4120814 0 3782892 4051524 0 4119089 4754273 0 4196002 3754306 0 0 3263475 4615343 0 3842885 4233791 0 3410954 3935492 0 4147266 4877067 0 4124398 4409688 0 4006768 4046200 0 4371837 4096129 0 4451185 4232526 0 0 3646583 4006485 0 4020442 3621272 0 3688713 3963244 0 3902296 4744136 0 4462343 4792484 0 4378647 4561996 0 3503107 3958961 0 4359340 4388904 0 0 
0 0 0 0 0 0 0 0 0 0 0 0 0 0 0 0 0 0 0 0 0 0 0 0 0 0 0 0 0 0 0 0 0 0 0 0 0 0 0 0 0 0 0 0 0 0 0 0 0 0 0 0 0 0 0 0 0 0 0 0 0 0 0 0 0 0 0 0 0 0 0 0 0 0 0 0 0 0 0 0 0 0 0 0 0 0 0 0 0 0 0 0 0 0 0 0 0 0 0 0 
3895209 3470898 0 3784743 3653344 0 4387186 3642164 0 3966996 3473782 0 4247671 4272153 0 4016673 4425600 0 3848110 3962658 0 3358905 4036771 0 0 3923200 4166267 0 3712570 3594509 0 3224482 3671582 0 3609643 3861879 0 3755436 3816457 0 3790484 3878899 0 3674610 4031025 0 3731087 3481542 0 0 3151251 4177428 0 3598056 3956132 0 3208604 3635611 0 3632520 4366487 0 3724564 3889020 0 3781742 4155887 0 3687007 3859617 0 4401144 4010384 0 0 3689100 3883583 0 3630489 3433298 0 3507675 3771400 0 3356115 4590297 0 4157866 4481172 0 4017725 4352412 0 3143140 3514397 0 4039322 3839584 0 0 
3975886 3840714 0 3935393 4074044 0 4236916 4054234 0 4316694 3808376 0 4327405 4359287 0 4268113 4337801 0 3957881 3828827 0 3262459 4285386 0 0 3923637 4130350 0 3731275 4074489 0 3463920 3648253 0 3549328 3733974 0 3620375 3651842 0 3526994 3978429 0 3849335 4286137 0 3788307 3393730 0 0 3145288 4378031 0 3825206 4143571 0 3401605 3683574 0 3934691 4758533 0 3993222 4197110 0 4064537 4245060 0 3656149 3845258 0 4482852 3936854 0 0 3921500 3944344 0 3931938 3677404 0 3529779 3932066 0 3278588 4648067 0 4200689 4737268 0 3986355 4104983 0 3482291 3753910 0 4014765 4093417 0 0 
0 0 0 0 0 0 0 0 0 0 0 0 0 0 0 0 0 0 0 0 0 0 0 0 0 0 0 0 0 0 0 0 0 0 0 0 0 0 0 0 0 0 0 0 0 0 0 0 0 0 0 0 0 0 0 0 0 0 0 0 0 0 0 0 0 0 0 0 0 0 0 0 0 0 0 0 0 0 0 0 0 0 0 0 0 0 0 0 0 0 0 0 0 0 0 0 0 0 0 0 
4902576 3882335 0 4285801 4764704 0 5090404 4534949 0 4919794 3919023 0 5349013 4887618 0 5230938 5147711 0 4426142 4359901 0 4053143 4965384 0 0 4540391 5090539 0 4454877 4705241 0 3813458 4718024 0 3963363 4406078 0 4680094 4650071 0 4541338 4750834 0 4724855 5690815 0 4368452 4157459 0 0 3790880 5045885 0 4503850 4745608 0 3938073 4637272 0 4319439 5277785 0 4458271 5203587 0 4775744 4424002 0 4459442 4175946 0 4861234 4481067 0 0 4116052 4495399 0 4415605 3953741 0 4152597 4245236 0 3969299 5017991 0 4901070 5001955 0 4667069 5017872 0 4106788 4205470 0 4962070 4699249 0 0 
3691137 3211913 0 3273880 3629397 0 3877549 3334803 0 3590844 3221201 0 3746945 3681539 0 3709817 3754280 0 3518000 3302234 0 3279577 3523518 0 0 3902335 3629079 0 3180137 3685183 0 2784871 3744406 0 2929198 3168864 0 3569245 3264342 0 3290382 3677561 0 3332505 3866818 0 3371889 3010500 0 0 3135835 3411435 0 3094124 3933312 0 2927790 3174595 0 3490559 4310171 0 3348927 3683640 0 3560851 3463872 0 3421646 3201305 0 4120442 3365359 0 0 3367184 3545833 0 3680764 3070466 0 2910284 3236818 0 3227471 3973086 0 3605092 4008480 0 3523232 3706180 0 3068358 3268346 0 3713195 4003278 0 0 
0 0 0 0 0 0 0 0 0 0 0 0 0 0 0 0 0 0 0 0 0 0 0 0 0 0 0 0 0 0 0 0 0 0 0 0 0 0 0 0 0 0 0 0 0 0 0 0 0 0 0 0 0 0 0 0 0 0 0 0 0 0 0 0 0 0 0 0 0 0 0 0 0 0 0 0 0 0 0 0 0 0 0 0 0 0 0 0 0 0 0 0 0 0 0 0 0 0 0 0 
4457960 3967582 0 3963558 4278779 0 4426187 3805602 0 4434929 3953900 0 5070415 4628272 0 4892927 4833025 0 3835553 4193401 0 3686342 4531757 0 0 3859891 4601017 0 4217139 4358186 0 3620302 4051701 0 3628161 4157169 0 4186769 4010450 0 4072076 4262692 0 4298218 5232788 0 4069657 3501597 0 0 3648951 4575252 0 4295679 4525618 0 3495195 4122435 0 3864418 4753915 0 3872419 4623538 0 4234247 4353132 0 4358483 3935452 0 4628242 3907823 0 0 3734535 4207059 0 4051449 3373776 0 3749852 3696366 0 3944725 4779043 0 4144851 4505439 0 4532110 4457228 0 3428855 4037271 0 4454224 4532387 0 0 
4317904 3856568 0 3739950 3865454 0 3768495 3412106 0 3734154 3464123 0 4470396 3914065 0 3742909 4058363 0 3558642 3709493 0 3215444 4330685 0 0 3826599 4138812 0 3674799 3685833 0 3486134 3596446 0 3538717 3520457 0 3944503 3362922 0 3782329 3798404 0 3827720 4605769 0 3893711 3190607 0 0 3072737 4144473 0 3553252 3892602 0 3226354 3845758 0 3770092 4345114 0 3450063 4095234 0 3777872 3972994 0 3944489 3745306 0 3970605 3850580 0 0 3634334 3974631 0 3679431 3336022 0 3368981 3352983 0 3511998 4366951 0 4105638 4327823 0 3754890 4116652 0 3078732 3394698 0 3771658 4224104 0 0 
0 0 0 0 0 0 0 0 0 0 0 0 0 0 0 0 0 0 0 0 0 0 0 0 0 0 0 0 0 0 0 0 0 0 0 0 0 0 0 0 0 0 0 0 0 0 0 0 0 0 0 0 0 0 0 0 0 0 0 0 0 0 0 0 0 0 0 0 0 0 0 0 0 0 0 0 0 0 0 0 0 0 0 0 0 0 0 0 0 0 0 0 0 0 0 0 0 0 0 0 
4014175 3234291 0 3311897 3814099 0 3952867 3305717 0 3566436 3325913 0 4367590 3612105 0 3914435 3723232 0 3272378 3595363 0 3345567 3947267 0 0 3736765 3821509 0 3244383 3880425 0 2889286 3333928 0 3000847 3279377 0 3278405 3559709 0 3469344 3318089 0 3361101 4061961 0 3755264 3189082 0 0 2948201 3768121 0 3419428 3732409 0 3190692 3131843 0 3769888 4468068 0 3360225 3673782 0 3895910 3637955 0 3298141 3274999 0 3906149 3459575 0 0 3108527 3630854 0 3208342 2727999 0 3359854 3447257 0 3375189 4303113 0 3775022 4196052 0 3755243 3967252 0 2953545 3126140 0 3677416 3840209 0 0 
4334810 3648188 0 3491079 4096746 0 4477621 3650727 0 3959249 3643905 0 4706371 4151684 0 4157958 4539944 0 3719854 4100463 0 3683802 3910633 0 0 4098248 4372770 0 3838707 3885319 0 3105328 3853690 0 3454511 3731052 0 3952610 3579470 0 3736139 3841127 0 3706057 4514707 0 4115916 3480417 0 0 3287057 4359311 0 3617226 4201043 0 3090967 3605330 0 3831713 4867630 0 3872101 4029024 0 3877879 3835326 0 4021329 3816356 0 4188362 3687993 0 0 3524148 3716617 0 3721678 3331800 0 3173359 3858199 0 3894595 4404977 0 4137185 4483535 0 4370816 4380257 0 3346670 3531810 0 4033353 4143771 0 0 
0 0 0 0 0 0 0 0 0 0 0 0 0 0 0 0 0 0 0 0 0 0 0 0 0 0 0 0 0 0 0 0 0 0 0 0 0 0 0 0 0 0 0 0 0 0 0 0 0 0 0 0 0 0 0 0 0 0 0 0 0 0 0 0 0 0 0 0 0 0 0 0 0 0 0 0 0 0 0 0 0 0 0 0 0 0 0 0 0 0 0 0 0 0 0 0 0 0 0 0 
4118837 3702975 0 3597025 3901765 0 3991344 3661372 0 3915153 3612428 0 4422491 4243118 0 3816633 4326512 0 3880752 3620556 0 3357014 4094103 0 0 3882234 3992816 0 3601390 3608636 0 3493943 3785726 0 3394316 3591078 0 3811858 3321989 0 3684713 4165570 0 3744896 4707590 0 3757382 3019688 0 0 3126996 4016249 0 3709842 4165300 0 3111041 3701894 0 3650251 4295334 0 3621829 4403712 0 3730095 4066698 0 3733313 3686312 0 4364412 3710658 0 0 3742831 3857011 0 3824690 3330721 0 3197979 3115471 0 3637498 4078755 0 3849545 4203697 0 3864533 3876945 0 3204730 3320678 0 3839911 4350642 0 0 
4334009 3982632 0 3661848 4154669 0 3897713 4073214 0 4093460 3891122 0 4521754 4374983 0 4248576 4377590 0 3924958 3728867 0 3433468 4101888 0 0 4152229 4157358 0 3640157 4024326 0 3525035 3923004 0 3487317 3821973 0 4299143 3666195 0 3924645 4105622 0 3730252 4996114 0 3995656 3218275 0 0 3195395 4276182 0 4066641 4180050 0 3473470 4250880 0 3825853 4611270 0 3887228 4496872 0 4440181 4186562 0 4042733 3705970 0 4183031 4026506 0 0 3933535 4069917 0 3972501 3669189 0 3711137 3063251 0 3820732 4273546 0 4013311 4566005 0 4072357 4502181 0 3450157 3199747 0 4201748 4282930 0 0 
0 0 0 0 0 0 0 0 0 0 0 0 0 0 0 0 0 0 0 0 0 0 0 0 0 0 0 0 0 0 0 0 0 0 0 0 0 0 0 0 0 0 0 0 0 0 0 0 0 0 0 0 0 0 0 0 0 0 0 0 0 0 0 0 0 0 0 0 0 0 0 0 0 0 0 0 0 0 0 0 0 0 0 0 0 0 0 0 0 0 0 0 0 0 0 0 0 0 0 0 
0 0 0 0 0 0 0 0 0 0 0 0 0 0 0 0 0 0 0 0 0 0 0 0 0 0 0 0 0 0 0 0 0 0 0 0 0 0 0 0 0 0 0 0 0 0 0 0 0 0 0 0 0 0 0 0 0 0 0 0 0 0 0 0 0 0 0 0 0 0 0 0 0 0 0 0 0 0 0 0 0 0 0 0 0 0 0 0 0 0 0 0 0 0 0 0 0 0 0 0 
4110916 3687999 0 3641606 3979686 0 4301933 3673742 0 3999414 3410022 0 4523858 4142022 0 4261406 4312677 0 3809463 3872082 0 3709933 3778430 0 0 3928768 4011173 0 3607047 4126527 0 3069364 3813862 0 3670497 3887649 0 4000999 3550679 0 3852083 3840729 0 3610011 4483942 0 3859569 3450540 0 0 3281439 4167876 0 3737746 4237996 0 3525215 3891687 0 3760797 4572760 0 3874930 4031422 0 4105296 4043123 0 3773756 3938679 0 4143165 3496516 0 0 3668070 3924344 0 3678291 3146604 0 3511052 3582123 0 3497001 4536202 0 4086002 4804396 0 4237895 3971658 0 3259450 3477299 0 4170742 4007943 0 0 
3891738 3050321 0 3377668 3711175 0 3986916 3257641 0 3357824 3404962 0 3989931 3787387 0 3966811 4200141 0 3351691 3616215 0 3289842 3476406 0 0 3629228 3914127 0 3430146 3851816 0 3262920 3150597 0 3370462 3337105 0 3324844 3355728 0 3496553 3459954 0 3464244 4025602 0 3305445 2998422 0 0 2919027 3663278 0 3584221 3825708 0 3393254 3384791 0 3263671 3835714 0 3492309 3858662 0 3710187 3819630 0 3391856 3254015 0 4124924 3260743 0 0 3295790 3757289 0 3240054 2811622 0 3009254 3293290 0 3169521 3922229 0 3513097 3841280 0 3558879 4031384 0 3134949 3391462 0 3566739 3945923 0 0 
0 0 0 0 0 0 0 0 0 0 0 0 0 0 0 0 0 0 0 0 0 0 0 0 0 0 0 0 0 0 0 0 0 0 0 0 0 0 0 0 0 0 0 0 0 0 0 0 0 0 0 0 0 0 0 0 0 0 0 0 0 0 0 0 0 0 0 0 0 0 0 0 0 0 0 0 0 0 0 0 0 0 0 0 0 0 0 0 0 0 0 0 0 0 0 0 0 0 0 0 
4626314 3947002 0 3809692 4364190 0 4569545 4014130 0 4293097 4005742 0 5001856 4478831 0 4596261 4922478 0 4076832 4195683 0 3890865 4216766 0 0 4486787 4607286 0 4144239 4166290 0 3394988 4164524 0 3779826 3788173 0 4320871 3862796 0 4109684 4113619 0 3945187 4982081 0 4132088 3820821 0 0 3536137 4624288 0 3870054 4452510 0 3631884 4006380 0 4017308 5097785 0 4340022 4712537 0 4506497 4337144 0 4160182 3951725 0 4659670 4115000 0 0 3772440 4695481 0 3933969 3396622 0 3697494 3522292 0 4345573 4773180 0 4408047 4766939 0 4494614 4714209 0 3731989 3804865 0 4671537 4589649 0 0 
3988771 3720968 0 3738032 3858756 0 3815254 3693800 0 3932867 3391083 0 4541301 3709660 0 4009398 3993039 0 3769238 3807699 0 3288775 4139482 0 0 3527087 4292438 0 3479505 3512129 0 3122573 3442383 0 3262078 3731002 0 3749622 3267521 0 3760177 3841359 0 3589432 4296528 0 3559970 3195947 0 0 2793345 4152106 0 3723434 3801583 0 3341559 4096106 0 3526364 4222463 0 3481712 4155493 0 3973754 3877673 0 3859146 3719465 0 4027232 4010756 0 0 3279052 3749451 0 3256540 3523952 0 3429965 3098580 0 3286790 4151007 0 3895442 4352696 0 3999510 3803111 0 3061350 3166041 0 3801968 3756450 0 0 
0 0 0 0 0 0 0 0 0 0 0 0 0 0 0 0 0 0 0 0 0 0 0 0 0 0 0 0 0 0 0 0 0 0 0 0 0 0 0 0 0 0 0 0 0 0 0 0 0 0 0 0 0 0 0 0 0 0 0 0 0 0 0 0 0 0 0 0 0 0 0 0 0 0 0 0 0 0 0 0 0 0 0 0 0 0 0 0 0 0 0 0 0 0 0 0 0 0 0 0 
4336743 4099091 0 3981520 4184581 0 4174989 4001509 0 4347286 3831207 0 4656828 4161380 0 4105877 4243947 0 3964905 3925684 0 3686469 4163641 0 0 4221094 4504014 0 3715881 3973823 0 3397430 3825839 0 3625951 3719635 0 3816405 3760223 0 3463980 3795787 0 3580271 4295484 0 3873551 3695922 0 0 3276650 4083239 0 3720893 4360953 0 3453230 3603767 0 4057456 4925817 0 4166280 4377624 0 4032271 4148300 0 3593407 3937909 0 4577993 4049167 0 0 3582527 4025828 0 3924032 3647428 0 3443054 3465349 0 3898864 4513295 0 4338655 4722314 0 4006848 4173721 0 3459334 3862000 0 4191650 4486878 0 0 
4400542 3713458 0 3822931 4236882 0 4154272 3965531 0 4584211 3840436 0 4734461 4447982 0 4070846 4439563 0 3820165 4045854 0 3444168 4150868 0 0 4319893 4168285 0 3874089 4138821 0 3442470 4122712 0 3659800 3564958 0 4268351 3631522 0 3592804 3895155 0 3919312 4795177 0 4250794 3572216 0 0 3226082 4163001 0 3845390 4286678 0 3252401 3870997 0 3930876 4511481 0 4112034 4502525 0 4380999 4433073 0 3800701 3748482 0 4482233 3659882 0 0 3506962 4056448 0 4037055 3390519 0 3729857 3438383 0 3803544 4609514 0 3972540 4729474 0 3893952 4385958 0 3349070 3458244 0 4413864 4564720 0 0 
0 0 0 0 0 0 0 0 0 0 0 0 0 0 0 0 0 0 0 0 0 0 0 0 0 0 0 0 0 0 0 0 0 0 0 0 0 0 0 0 0 0 0 0 0 0 0 0 0 0 0 0 0 0 0 0 0 0 0 0 0 0 0 0 0 0 0 0 0 0 0 0 0 0 0 0 0 0 0 0 0 0 0 0 0 0 0 0 0 0 0 0 0 0 0 0 0 0 0 0 
3620068 3299777 0 3683978 3461430 0 3955043 3553718 0 3691858 3381431 0 3959110 3725214 0 3946395 3924171 0 3718702 3668709 0 2879845 4159195 0 0 3307769 3985034 0 3407230 3227299 0 3362182 3553705 0 3177369 3434374 0 3426994 3270094 0 3815392 3513213 0 3719390 4155328 0 3543093 2921038 0 0 2910313 3704455 0 3601716 3674469 0 2924084 3794798 0 3740652 4351340 0 3151026 3883973 0 3807042 3715306 0 3564224 3434124 0 3856013 3858130 0 0 3430071 3492303 0 3495968 3093569 0 3158110 3240081 0 3497135 4155851 0 3878466 3864412 0 3692850 3644392 0 2831025 3258011 0 3605715 3571136 0 0 
4425883 3965164 0 4019773 4063070 0 4436896 3754539 0 4302975 3879879 0 4796890 4349618 0 4032576 4634927 0 3949173 3810925 0 3300980 4594410 0 0 4122086 4461142 0 4047622 4008694 0 3818855 3930930 0 3522111 3858913 0 4198481 3679358 0 4172545 4348700 0 4036393 4860206 0 4128962 3230033 0 0 3375074 4269765 0 3807751 4456005 0 3426219 3909133 0 3847014 4544351 0 3883491 4519362 0 4038045 4149425 0 3852649 3993810 0 4263258 4033706 0 0 3893210 4126443 0 3900848 3534601 0 3409939 3716965 0 3926401 4695412 0 4252065 4564887 0 4035378 4408041 0 3595008 3765029 0 4103517 4519806 0 0 
0 0 0 0 0 0 0 0 0 0 0 0 0 0 0 0 0 0 0 0 0 0 0 0 0 0 0 0 0 0 0 0 0 0 0 0 0 0 0 0 0 0 0 0 0 0 0 0 0 0 0 0 0 0 0 0 0 0 0 0 0 0 0 0 0 0 0 0 0 0 0 0 0 0 0 0 0 0 0 0 0 0 0 0 0 0 0 0 0 0 0 0 0 0 0 0 0 0 0 0 
4307418 3821868 0 3589737 4043821 0 4042692 3653822 0 4016409 3428185 0 4252653 4040993 0 4044523 4291811 0 3793332 3678874 0 3380740 4219660 0 0 3809558 3866799 0 3774827 3625291 0 3264739 3658586 0 3605166 3490699 0 4112845 3581707 0 3576118 3803401 0 3692645 4762244 0 3954537 3336556 0 0 2917263 4137088 0 3616989 4123816 0 3294544 3523662 0 3546463 4479859 0 3719240 4265877 0 3903274 3714535 0 3698094 3916991 0 3986596 3661136 0 0 3335116 3612525 0 3527170 3127287 0 3468714 3614783 0 3774936 4385024 0 3984724 4384051 0 3979683 4114294 0 3353867 3535890 0 3919215 3948500 0 0 
4729000 3852650 0 3635144 4050152 0 4053882 3719173 0 3749287 3349651 0 4555503 3989798 0 4211958 4528613 0 3634261 3876436 0 3791980 4234227 0 0 4003139 4344239 0 3859156 3998209 0 3319470 3486437 0 3292628 3782399 0 4289479 3588442 0 3841146 4136704 0 3856821 4752284 0 3855786 3088014 0 0 3282222 4123213 0 3282526 4186581 0 3348734 3826806 0 4164802 4478108 0 3761240 4286169 0 4164714 4160746 0 4068073 3781778 0 3867651 4049043 0 0 3653977 3772868 0 4074183 3614066 0 3191997 3581623 0 3598542 4305584 0 4184262 4688637 0 3956183 4241038 0 3353643 3806869 0 4103050 4160383 0 0 
0 0 0 0 0 0 0 0 0 0 0 0 0 0 0 0 0 0 0 0 0 0 0 0 0 0 0 0 0 0 0 0 0 0 0 0 0 0 0 0 0 0 0 0 0 0 0 0 0 0 0 0 0 0 0 0 0 0 0 0 0 0 0 0 0 0 0 0 0 0 0 0 0 0 0 0 0 0 0 0 0 0 0 0 0 0 0 0 0 0 0 0 0 0 0 0 0 0 0 0 
4217549 3535166 0 3654648 3952996 0 4008243 3819635 0 3993180 3417754 0 4475794 4021959 0 3753870 4036135 0 3642678 3502904 0 3210984 4294161 0 0 4015020 4028617 0 3578201 4118686 0 3465451 3406086 0 3155732 3426345 0 3931163 3568944 0 3538238 3773448 0 3777651 4698945 0 3839149 3248900 0 0 2904899 3895085 0 3417473 4043702 0 3457362 3492194 0 3616628 4182481 0 3830564 4277301 0 3746922 3691189 0 3434648 3551410 0 4024892 3558216 0 0 3205708 3817300 0 3718490 3550442 0 3515110 3412356 0 3434461 4306128 0 3852638 4417756 0 3676590 4245412 0 3410436 3414981 0 3815692 3940066 0 0 
4081129 3699236 0 3496933 3841519 0 3910741 3713946 0 4060063 3373462 0 4403593 4133138 0 4078002 4392977 0 3705015 3771311 0 3309188 4213989 0 0 3824710 4310280 0 3797626 4031287 0 3506651 3806774 0 3329800 3835067 0 3829432 3299144 0 3819993 3706715 0 3647062 4602404 0 3707763 3010742 0 0 3249047 4085795 0 3811126 3976244 0 3325113 4131330 0 3551414 4425831 0 3848359 4121571 0 3934289 3980764 0 3929792 3729654 0 4001343 3790236 0 0 3631047 3773395 0 3866993 3459681 0 3185692 3339211 0 3417298 4036067 0 3944734 4388916 0 3954936 3996195 0 3339716 3443822 0 4001565 4359025 0 0 
0 0 0 0 0 0 0 0 0 0 0 0 0 0 0 0 0 0 0 0 0 0 0 0 0 0 0 0 0 0 0 0 0 0 0 0 0 0 0 0 0 0 0 0 0 0 0 0 0 0 0 0 0 0 0 0 0 0 0 0 0 0 0 0 0 0 0 0 0 0 0 0 0 0 0 0 0 0 0 0 0 0 0 0 0 0 0 0 0 0 0 0 0 0 0 0 0 0 0 0 
3687403 3394814 0 3648274 3474091 0 3871095 3476246 0 3610245 3426313 0 4269990 4053210 0 3686195 4266419 0 3706159 3599991 0 3241345 3582535 0 0 3469850 3933011 0 3448406 3820238 0 3502162 3336841 0 3542919 3286541 0 4038220 3357244 0 3502921 3605736 0 3606774 4172219 0 3109892 3323241 0 0 3337236 4136157 0 3547429 3647972 0 3175731 3725862 0 3405093 4058238 0 3370944 3914209 0 3609187 3791392 0 3714675 3474512 0 3997082 3630405 0 0 3369260 3834529 0 3831680 3218480 0 3130915 3062962 0 3279668 3799425 0 3799652 3899982 0 3826267 3583025 0 3026191 3361573 0 3626299 3709253 0 0 
3834817 3136347 0 3315285 3566531 0 4049084 3272302 0 3903414 3367437 0 4070771 4352663 0 3783537 3940848 0 3781388 3714112 0 3071647 4215836 0 0 3671351 3949660 0 3453321 3658995 0 3267719 3371936 0 3226180 3398373 0 3579863 3111632 0 3633021 3642693 0 3430797 4436887 0 3574157 3131003 0 0 2978132 3968296 0 3718107 3786094 0 3076071 3436807 0 3354395 4121028 0 3573825 3940802 0 3680156 3918062 0 3605011 3429264 0 4072253 3541509 0 0 3241432 3574844 0 3574450 3066813 0 3035052 3365749 0 3464307 4154995 0 3887428 4275280 0 3630963 3791161 0 3013881 3022343 0 3666921 3776171 0 0 
0 0 0 0 0 0 0 0 0 0 0 0 0 0 0 0 0 0 0 0 0 0 0 0 0 0 0 0 0 0 0 0 0 0 0 0 0 0 0 0 0 0 0 0 0 0 0 0 0 0 0 0 0 0 0 0 0 0 0 0 0 0 0 0 0 0 0 0 0 0 0 0 0 0 0 0 0 0 0 0 0 0 0 0 0 0 0 0 0 0 0 0 0 0 0 0 0 0 0 0 
4034532 3894615 0 3778250 3796879 0 4363504 3804113 0 3851344 3642686 0 4475824 4275966 0 4351271 4705917 0 3897117 4077228 0 3525766 4223232 0 0 4027760 4389059 0 3458561 3924064 0 3455884 3800791 0 3631827 3947561 0 4235174 3722739 0 3634671 3986993 0 3986468 4710939 0 4084429 3473324 0 0 3070889 4022046 0 4071097 4331249 0 3526882 4206383 0 3665214 4549080 0 3943036 4345363 0 4049526 3725268 0 3955050 4187938 0 4260809 3452702 0 0 3574276 3798847 0 3662811 3235488 0 3721728 3518522 0 3688330 4259182 0 3803034 4369269 0 4233773 4506282 0 3467818 3687949 0 4278590 4181526 0 0 
4324360 3668942 0 3524237 3523354 0 3799521 3437722 0 4061906 3125928 0 3980736 3782728 0 3466380 3659710 0 3440433 3307282 0 3143626 4044860 0 0 3262968 3800120 0 3247083 3689526 0 2983508 3075352 0 3235683 3282246 0 3468129 3478195 0 3539278 3590914 0 3350817 4250551 0 3441461 2962498 0 0 2580211 4135778 0 3189271 3745617 0 3277749 3536089 0 3446656 4132003 0 3366373 3686132 0 3623552 3449821 0 3506343 3712190 0 3986532 3566547 0 0 3217336 3651997 0 3420293 2977633 0 3015637 3404224 0 3498804 3908391 0 3721359 4056248 0 3446417 3761023 0 2914323 3561254 0 3766648 3621062 0 0 
0 0 0 0 0 0 0 0 0 0 0 0 0 0 0 0 0 0 0 0 0 0 0 0 0 0 0 0 0 0 0 0 0 0 0 0 0 0 0 0 0 0 0 0 0 0 0 0 0 0 0 0 0 0 0 0 0 0 0 0 0 0 0 0 0 0 0 0 0 0 0 0 0 0 0 0 0 0 0 0 0 0 0 0 0 0 0 0 0 0 0 0 0 0 0 0 0 0 0 0 
0 0 0 0 0 0 0 0 0 0 0 0 0 0 0 0 0 0 0 0 0 0 0 0 0 0 0 0 0 0 0 0 0 0 0 0 0 0 0 0 0 0 0 0 0 0 0 0 0 0 0 0 0 0 0 0 0 0 0 0 0 0 0 0 0 0 0 0 0 0 0 0 0 0 0 0 0 0 0 0 0 0 0 0 0 0 0 0 0 0 0 0 0 0 0 0 0 0 0 0 
