Matriz resultante (100x100):
3615559 3956737 0 3673273 3594042 0 3686314 3631944 0 3914200 3440693 0 3625651 3756151 0 3485859 3931289 0 4404917 3177400 0 3780548 4037399 0 0 4076431 4063428 0 3534858 3624641 0 3568523 4305392 0 3694507 3357885 0 4241401 3907881 0 3048618 3783779 0 3578638 3956718 0 3688960 3608488 0 0 4172376 3975423 0 4049819 3251676 0 3092246 3217956 0 3812465 3272775 0 3157300 3307453 0 3814346 3581801 0 3512330 3571425 0 4150178 3814944 0 0 3948487 3496040 0 3568578 3689041 0 3470400 3450524 0 3861753 3344750 0 3858043 3470462 0 3893044 4192376 0 3253721 3554258 0 2831218 4126242 0 0 
3469804 4035049 0 3735845 3220912 0 3730028 3910996 0 4200420 3779647 0 3770671 3720092 0 3462498 4033764 0 3973226 3119356 0 3834883 3835495 0 0 3979585 3900540 0 3550028 3919683 0 4319439 3808633 0 3412847 3546338 0 3936662 4249513 0 3507432 3519182 0 3664914 3975503 0 3327017 3819259 0 0 3913746 3945977 0 4526981 3275256 0 3744527 3311724 0 3405544 3124286 0 3248941 3788371 0 3748694 3822406 0 3574903 3774959 0 4136496 3959439 0 0 3768530 3735049 0 3907421 3643158 0 3374933 3140858 0 3522671 3749496 0 3590911 3709351 0 4207349 4094985 0 3154287 3778273 0 2978593 3974179 0 0 
0 0 0 0 0 0 0 0 0 0 0 0 0 0 0 0 0 0 0 0 0 0 0 0 0 0 0 0 0 0 0 0 0 0 0 0 0 0 0 0 0 0 0 0 0 0 0 0 0 0 0 0 0 0 0 0 0 0 0 0 0 0 0 0 0 0 0 0 0 0 0 0 0 0 0 0 0 0 0 0 0 0 0 0 0 0 0 0 0 0 0 0 0 0 0 0 0 0 0 0 
3958554 4453865 0 4103814 3724494 0 3796260 4318723 0 4185299 3891951 0 3595517 4124407 0 4005842 4170257 0 4649089 3813660 0 3959684 4233658 0 0 4352597 4360468 0 3886994 4115611 0 4651223 4203891 0 4225967 3811563 0 4345288 4339577 0 3379218 3718835 0 3953135 4587736 0 3663586 3991832 0 0 4367241 4143906 0 4471856 3578655 0 3887479 3778619 0 3883353 3375118 0 3220433 3778120 0 4079401 3718619 0 3760802 3609943 0 4132957 4101994 0 0 3596687 4007571 0 3836896 3718913 0 3629259 3561805 0 3946740 3789608 0 3922310 3655057 0 4122576 4418421 0 3871530 4071291 0 3406593 4069044 0 0 
3599643 4307752 0 3994631 3640719 0 4192463 3837695 0 4122438 3862561 0 3835770 4108451 0 3920318 4048788 0 4504074 3447049 0 3625026 3946615 0 0 4333805 4057669 0 3933098 4173514 0 4244631 4205477 0 3634585 3600624 0 4044365 4156701 0 3164750 3646003 0 4126348 4048539 0 3311207 4173393 0 0 4326245 4072017 0 4206493 3465248 0 3343952 3593001 0 3986506 3784214 0 3332413 3786886 0 4280186 3696440 0 3856924 3829670 0 4185310 4188237 0 0 3483253 3832743 0 3784984 3659845 0 3653337 3552113 0 4201647 3150210 0 3969968 3599711 0 3980295 4414456 0 3567357 3405099 0 2751229 4049874 0 0 
0 0 0 0 0 0 0 0 0 0 0 0 0 0 0 0 0 0 0 0 0 0 0 0 0 0 0 0 0 0 0 0 0 0 0 0 0 0 0 0 0 0 0 0 0 0 0 0 0 0 0 0 0 0 0 0 0 0 0 0 0 0 0 0 0 0 0 0 0 0 0 0 0 0 0 0 0 0 0 0 0 0 0 0 0 0 0 0 0 0 0 0 0 0 0 0 0 0 0 0 
4045518 4679206 0 4251417 3832889 0 4443528 4494243 0 4788259 4154966 0 4356814 4447541 0 4080703 4591798 0 5144122 4024190 0 4471712 4851471 0 0 5068969 4602038 0 4454866 4279024 0 4861502 4416103 0 4449908 4048705 0 4869736 4592788 0 3790804 4182892 0 4253453 5062905 0 4063440 4199888 0 0 4832405 4734203 0 4927530 3948601 0 4127222 3943999 0 4500306 3684130 0 4053345 4289291 0 4743869 4514634 0 4518408 4395829 0 4667492 4581927 0 0 4177369 4593709 0 4076860 4143276 0 4163801 3792856 0 4305112 3851734 0 4662404 4259951 0 4757635 5032276 0 3972553 4083193 0 3504832 4695012 0 0 
3651329 4127732 0 4231147 3783714 0 4222807 4446499 0 4416669 4056651 0 4026275 4124680 0 3685856 4498579 0 4607076 3548189 0 4096644 4175638 0 0 4680484 4139465 0 4042963 3958232 0 4452724 3987511 0 3892403 3567738 0 4250813 4471938 0 3349194 3744448 0 3856901 4301418 0 3687453 4027626 0 0 4439851 4356653 0 4376022 3726370 0 3857956 3718706 0 4169176 3583744 0 3564804 4146390 0 4099400 3949445 0 3920878 4080653 0 4252849 4090243 0 0 3743113 4100201 0 4110486 3964677 0 3819970 3333932 0 3970834 3591172 0 3908630 3686497 0 4162421 4207728 0 3470332 4045063 0 3604296 4008054 0 0 
0 0 0 0 0 0 0 0 0 0 0 0 0 0 0 0 0 0 0 0 0 0 0 0 0 0 0 0 0 0 0 0 0 0 0 0 0 0 0 0 0 0 0 0 0 0 0 0 0 0 0 0 0 0 0 0 0 0 0 0 0 0 0 0 0 0 0 0 0 0 0 0 0 0 0 0 0 0 0 0 0 0 0 0 0 0 0 0 0 0 0 0 0 0 0 0 0 0 0 0 
4433891 4831589 0 4620883 4217839 0 4558565 4887608 0 4844607 4073523 0 4632770 4714741 0 4280097 4468638 0 5278876 4066688 0 4714130 4466603 0 0 4812050 5068156 0 4231058 4753632 0 5275089 4727720 0 4306282 4443191 0 4526449 4807987 0 4138802 4508800 0 4452157 5208916 0 3884153 4615054 0 0 4861152 5017709 0 5181078 3723530 0 4233557 4114679 0 4385656 3808399 0 4064879 4350911 0 4705567 4512400 0 4179240 4309734 0 4609717 4861369 0 0 4799406 4184498 0 4367526 4140674 0 4502984 3909681 0 4749752 4411320 0 4464083 4100476 0 4774099 5129533 0 4371196 4407656 0 3507609 4904573 0 0 
3451580 3935855 0 3252108 3346198 0 3695989 3787314 0 4421767 3260244 0 3867288 3789442 0 3307431 3480697 0 3930159 2880582 0 3686712 3774867 0 0 3897650 3616645 0 3490624 3688599 0 4181365 3367344 0 3337553 3300795 0 3951990 3848039 0 3370542 3534790 0 3695787 4041516 0 3120701 3366554 0 0 3888163 3828657 0 4246480 3379988 0 3317503 3141576 0 3342730 2805963 0 3348932 3306518 0 3867641 3551527 0 3455806 3699801 0 4009357 3772832 0 0 3487596 3478093 0 3527980 3352247 0 3465136 2741404 0 3907200 3314791 0 3666724 3344251 0 3794855 3885852 0 3290972 3449957 0 2869045 4069117 0 0 
0 0 0 0 0 0 0 0 0 0 0 0 0 0 0 0 0 0 0 0 0 0 0 0 0 0 0 0 0 0 0 0 0 0 0 0 0 0 0 0 0 0 0 0 0 0 0 0 0 0 0 0 0 0 0 0 0 0 0 0 0 0 0 0 0 0 0 0 0 0 0 0 0 0 0 0 0 0 0 0 0 0 0 0 0 0 0 0 0 0 0 0 0 0 0 0 0 0 0 0 
4051867 4294205 0 4450845 3768155 0 3978415 3966712 0 4358456 3856064 0 3633898 4143721 0 4139098 4507333 0 4672590 3738041 0 4235857 4189215 0 0 4326449 4577738 0 4362439 3948266 0 4244849 4273019 0 3970039 3919108 0 4572840 4556962 0 3416121 3815932 0 4094139 4280674 0 3640572 4685530 0 0 4403678 4224852 0 4424264 3486355 0 3837896 3744498 0 4260672 3813832 0 3395885 4189456 0 4026348 3960942 0 3697730 3982002 0 4282330 4620637 0 0 3882999 4041035 0 4107909 3905421 0 3920580 3795397 0 4162996 3765569 0 4362162 3855772 0 4578495 4700523 0 3558716 3944566 0 3298343 4378866 0 0 
3267373 3616163 0 3775189 3167802 0 3823070 3984105 0 3876213 3350304 0 3443241 3557647 0 3496757 3968836 0 4304360 3391872 0 3772598 3512301 0 0 4163051 3752165 0 3788957 3763604 0 4220125 3851949 0 3204080 3369490 0 3826177 3887000 0 2798615 3334161 0 3659409 3754080 0 2834879 3968424 0 0 4152386 3808952 0 3798968 3448243 0 3238690 3249810 0 3713300 3345372 0 3092192 3786512 0 3912619 3356744 0 3371264 3384279 0 3666048 3594181 0 0 3420703 3436079 0 3438020 3587055 0 3248093 3278326 0 3653695 3143034 0 3503338 3396061 0 3802928 4013938 0 3271893 3745387 0 2699002 3546146 0 0 
0 0 0 0 0 0 0 0 0 0 0 0 0 0 0 0 0 0 0 0 0 0 0 0 0 0 0 0 0 0 0 0 0 0 0 0 0 0 0 0 0 0 0 0 0 0 0 0 0 0 0 0 0 0 0 0 0 0 0 0 0 0 0 0 0 0 0 0 0 0 0 0 0 0 0 0 0 0 0 0 0 0 0 0 0 0 0 0 0 0 0 0 0 0 0 0 0 0 0 0 
3631591 4108466 0 4133719 3266259 0 4134545 3851071 0 4170966 3798012 0 4369824 4008367 0 3633694 3940668 0 4390190 3231343 0 3984966 3974647 0 0 4450225 4198313 0 3854208 4161566 0 4255541 3960625 0 3770264 3504614 0 4282049 4184955 0 3265298 3758794 0 4265097 4183190 0 3467300 4181605 0 0 4248675 3844729 0 4292051 3271875 0 3599295 3701653 0 3576769 3392354 0 3365551 3878615 0 4147092 3462897 0 3840650 3843598 0 4185590 4316217 0 0 3753520 3752163 0 4055906 3722723 0 3711815 3515525 0 4157077 3534153 0 3689477 3464482 0 4078159 4315868 0 3633860 3399228 0 3255678 4334797 0 0 
3502140 3880299 0 4029346 3272745 0 3966356 3956481 0 3905332 3487009 0 3685179 3735573 0 3547576 3878376 0 4396472 3385413 0 3815751 3867030 0 0 4470951 4001710 0 3463553 4038661 0 4003663 4138309 0 3655278 3548294 0 4001124 3575011 0 3007531 3425128 0 3683401 3941442 0 3245892 3612094 0 0 4745383 4171693 0 3850018 3161916 0 3465644 3534746 0 3568961 3201111 0 3210681 3824260 0 3908821 3559746 0 3714587 3625350 0 3888034 4154761 0 0 3958151 3835841 0 4081443 3501667 0 3195247 3334145 0 3848056 3481852 0 3778467 3400610 0 3907427 4377812 0 3554509 3702951 0 2765397 3925639 0 0 
0 0 0 0 0 0 0 0 0 0 0 0 0 0 0 0 0 0 0 0 0 0 0 0 0 0 0 0 0 0 0 0 0 0 0 0 0 0 0 0 0 0 0 0 0 0 0 0 0 0 0 0 0 0 0 0 0 0 0 0 0 0 0 0 0 0 0 0 0 0 0 0 0 0 0 0 0 0 0 0 0 0 0 0 0 0 0 0 0 0 0 0 0 0 0 0 0 0 0 0 
3871088 4014490 0 4111201 3621265 0 4088232 4066342 0 4365534 3647968 0 3937833 4085727 0 3896049 4087012 0 4502812 3500407 0 4368249 3991085 0 0 4244881 4251614 0 3913662 4273210 0 4354426 4275339 0 3929242 3896008 0 4521248 4215850 0 3274858 3798340 0 3985986 4352807 0 3803677 4028787 0 0 4414643 4241209 0 4510151 3578864 0 3715043 3564922 0 3849002 3334911 0 3618083 3961176 0 4329680 3871805 0 3789247 3746039 0 4367768 4356665 0 0 3846616 3826352 0 4084456 3925110 0 3557131 3206551 0 3933881 3885103 0 4314500 3817023 0 4267644 4465373 0 3692278 4048167 0 3137334 4555396 0 0 
2933828 3549898 0 3341513 3090450 0 3111937 3260062 0 3567332 3072282 0 2816389 3254843 0 3119598 3540228 0 3672861 3041014 0 3240102 3464278 0 0 3496633 3304470 0 3315757 3436693 0 3521646 3450304 0 3147429 2940224 0 3393618 3537287 0 2821115 3042089 0 2923668 3535204 0 2909994 3233042 0 0 3635386 3686584 0 3530783 2949102 0 3049831 2866982 0 3288947 2812320 0 2715897 3163225 0 3385325 2965286 0 3306364 3255566 0 3546110 3528351 0 0 3388241 3163388 0 3342878 3048195 0 3151843 2680514 0 3150978 2939044 0 3531134 3153507 0 3437526 3695439 0 2787809 3267767 0 2531542 3461803 0 0 
0 0 0 0 0 0 0 0 0 0 0 0 0 0 0 0 0 0 0 0 0 0 0 0 0 0 0 0 0 0 0 0 0 0 0 0 0 0 0 0 0 0 0 0 0 0 0 0 0 0 0 0 0 0 0 0 0 0 0 0 0 0 0 0 0 0 0 0 0 0 0 0 0 0 0 0 0 0 0 0 0 0 0 0 0 0 0 0 0 0 0 0 0 0 0 0 0 0 0 0 
3333535 3795872 0 3953977 3491289 0 3936893 3824815 0 4332394 3529445 0 3659756 3790114 0 3551093 3825817 0 3978571 3266087 0 4049554 3851670 0 0 3900811 4007027 0 3837094 3910053 0 4036265 3649585 0 3597257 3437236 0 3941924 4026885 0 3543120 3381013 0 3712095 3704537 0 3535669 3951465 0 0 3944076 3631485 0 4029298 3172473 0 3776971 3553050 0 3696965 3104939 0 3254740 3572827 0 3800570 3450642 0 3705856 3603009 0 3852468 3878260 0 0 3808135 3696296 0 3539844 3559476 0 3388972 3021292 0 3613315 3472371 0 4007302 3313276 0 3812284 3946175 0 3299148 3600205 0 3153203 3782376 0 0 
3196111 3630736 0 3381024 2929261 0 3249273 3670540 0 3822234 3392731 0 3295795 3469469 0 3514330 3457622 0 3883612 3187011 0 3414564 3380507 0 0 3386652 3690915 0 3709778 3965296 0 3921793 3579931 0 3119271 3508284 0 3386606 3566053 0 3089796 2949087 0 3460491 3866553 0 3088326 3954482 0 0 3546870 3949490 0 3836226 2977719 0 3319851 2994810 0 3223643 2949787 0 3017726 3533928 0 3350345 3403816 0 3533771 3336575 0 3604127 3593975 0 0 3620797 3234119 0 3255380 3154513 0 3451917 2845864 0 3412279 3419114 0 3796175 3413796 0 3805978 4323954 0 2925881 3381252 0 2756350 3440338 0 0 
0 0 0 0 0 0 0 0 0 0 0 0 0 0 0 0 0 0 0 0 0 0 0 0 0 0 0 0 0 0 0 0 0 0 0 0 0 0 0 0 0 0 0 0 0 0 0 0 0 0 0 0 0 0 0 0 0 0 0 0 0 0 0 0 0 0 0 0 0 0 0 0 0 0 0 0 0 0 0 0 0 0 0 0 0 0 0 0 0 0 0 0 0 0 0 0 0 0 0 0 
0 0 0 0 0 0 0 0 0 0 0 0 0 0 0 0 0 0 0 0 0 0 0 0 0 0 0 0 0 0 0 0 0 0 0 0 0 0 0 0 0 0 0 0 0 0 0 0 0 0 0 0 0 0 0 0 0 0 0 0 0 0 0 0 0 0 0 0 0 0 0 0 0 0 0 0 0 0 0 0 0 0 0 0 0 0 0 0 0 0 0 0 0 0 0 0 0 0 0 0 
3178625 3659784 0 3397432 3433656 0 3557784 3577182 0 3910103 3323431 0 3451277 3588065 0 3373965 3539558 0 3834577 3057201 0 3332550 3521858 0 0 3934675 3593426 0 3527361 3375231 0 3585131 3426758 0 3298423 3173019 0 3678469 3811438 0 2820569 3203024 0 3498204 3680778 0 3161054 3516015 0 0 3825343 3778880 0 3886231 2936859 0 3254793 3026121 0 3654174 2800375 0 3130950 3299896 0 3535097 3609374 0 3140907 3371409 0 3834157 3395225 0 0 3288226 3378241 0 3506213 3264946 0 3153189 2867610 0 3347906 2941151 0 3526471 3359037 0 3749521 3720061 0 2958715 3393859 0 2694292 3481821 0 0 
3772303 3967313 0 4128637 3821216 0 3944969 4582992 0 4752238 3861807 0 4021170 4152508 0 3914749 4142053 0 4508262 3705021 0 4137087 3999051 0 0 4440301 4545929 0 4127071 4355390 0 4512717 4459232 0 3903394 3647615 0 4320631 4140317 0 3714443 3841511 0 4153590 4632336 0 3343985 4369288 0 0 4480441 4483517 0 4715000 3749509 0 3806145 3527852 0 3820003 3349910 0 3365121 3862588 0 4133304 3775354 0 3786270 3840875 0 4536014 4295212 0 0 4073495 3820939 0 4275897 3985189 0 3744243 3298529 0 4082835 3929458 0 4019162 3734207 0 4650967 4521916 0 3634812 4233787 0 2990406 4392686 0 0 
0 0 0 0 0 0 0 0 0 0 0 0 0 0 0 0 0 0 0 0 0 0 0 0 0 0 0 0 0 0 0 0 0 0 0 0 0 0 0 0 0 0 0 0 0 0 0 0 0 0 0 0 0 0 0 0 0 0 0 0 0 0 0 0 0 0 0 0 0 0 0 0 0 0 0 0 0 0 0 0 0 0 0 0 0 0 0 0 0 0 0 0 0 0 0 0 0 0 0 0 
3812163 4267976 0 4288867 3806876 0 4173209 4650260 0 4414582 4071511 0 4025516 4078668 0 3835118 4287994 0 4848421 3759514 0 4150242 4112294 0 0 4431572 4374505 0 4139949 4250751 0 4636947 4730911 0 4065264 3663785 0 4369754 4243551 0 3516436 3939193 0 4278441 4668007 0 3520152 4130129 0 0 4446846 4489024 0 4701770 3630606 0 3688068 3456885 0 3834748 3631261 0 3409815 3976071 0 4327101 3673844 0 3726907 4122727 0 4626465 4190686 0 0 3899292 4096290 0 4200396 4085806 0 4099022 3446636 0 4167234 3796290 0 4184693 3985841 0 4280185 4618318 0 3634529 4095620 0 3347930 4309803 0 0 
3276682 3703421 0 3355629 3563525 0 3579099 3958319 0 3991582 3744718 0 3517082 3946101 0 2988984 3900433 0 3889118 3256620 0 3633000 3885383 0 0 4204694 3985635 0 3531393 3651087 0 3729922 3882471 0 3754390 3403061 0 3870590 3954993 0 3847331 3564200 0 3720812 4331693 0 3359125 3311575 0 0 3901358 3822395 0 4193198 3328321 0 3413960 3154281 0 3370756 3035185 0 3334980 3499264 0 3776768 3871933 0 3387613 3342820 0 3822924 3790712 0 0 3570920 3736980 0 3600756 3308189 0 3303960 2893404 0 3502960 3500843 0 3690742 3683908 0 3888505 4008528 0 3463685 3697156 0 2722734 4020603 0 0 
0 0 0 0 0 0 0 0 0 0 0 0 0 0 0 0 0 0 0 0 0 0 0 0 0 0 0 0 0 0 0 0 0 0 0 0 0 0 0 0 0 0 0 0 0 0 0 0 0 0 0 0 0 0 0 0 0 0 0 0 0 0 0 0 0 0 0 0 0 0 0 0 0 0 0 0 0 0 0 0 0 0 0 0 0 0 0 0 0 0 0 0 0 0 0 0 0 0 0 0 
3746963 4295192 0 4146994 3646011 0 3885911 4069004 0 4108313 3624125 0 4121510 3947126 0 3734985 4090877 0 4460494 3514777 0 3696007 4127711 0 0 4379614 4059942 0 4051074 4021638 0 4193578 3952444 0 3750204 3942174 0 4237286 4402112 0 3674522 3926515 0 3752317 4188070 0 3793892 4164907 0 0 4256894 4076680 0 4148215 3491788 0 3697776 3615399 0 4071083 3596853 0 3337122 3854972 0 4068106 4119300 0 4022799 3797132 0 4194483 4129842 0 0 3961514 3805296 0 3876142 3551994 0 3938367 3633073 0 3779670 3652019 0 3908764 3504756 0 4084969 4543313 0 3566649 3791652 0 3083796 3944058 0 0 
4130036 4583649 0 4609764 3654532 0 4384574 4289680 0 4550327 4065014 0 3914402 4319651 0 3897462 4312941 0 4643992 3594221 0 4322713 4155238 0 0 4664826 4630109 0 4277831 4604124 0 4264320 4374664 0 3963294 3853655 0 4137359 4346090 0 3625684 3701199 0 3988704 4375419 0 3656846 4207816 0 0 4536709 4395937 0 4815071 3743905 0 3874510 3882964 0 4331602 3286966 0 3650294 4230818 0 4295823 4020998 0 3917127 4028190 0 4347176 4282687 0 0 4061070 4158719 0 4520684 4020852 0 3691891 3756896 0 4154987 3808801 0 4341880 3714979 0 4420503 4579013 0 3971896 4358911 0 3268432 4236912 0 0 
0 0 0 0 0 0 0 0 0 0 0 0 0 0 0 0 0 0 0 0 0 0 0 0 0 0 0 0 0 0 0 0 0 0 0 0 0 0 0 0 0 0 0 0 0 0 0 0 0 0 0 0 0 0 0 0 0 0 0 0 0 0 0 0 0 0 0 0 0 0 0 0 0 0 0 0 0 0 0 0 0 0 0 0 0 0 0 0 0 0 0 0 0 0 0 0 0 0 0 0 
4147736 4613490 0 4761148 4055270 0 4484112 4870377 0 4552891 4243178 0 4383599 4091700 0 3898077 4513687 0 4770659 4027049 0 4565343 4449337 0 0 4908070 5109704 0 4500542 4692042 0 4789270 4819094 0 4333445 4280028 0 4610091 4782188 0 3926155 4109341 0 4397796 4841122 0 3975982 4452277 0 0 4933366 4505686 0 4765641 3740518 0 4440268 4016848 0 4216041 3507993 0 3612513 4451474 0 4433341 4169903 0 4086995 4073956 0 4442527 4415319 0 0 4377464 4392192 0 4349573 4401702 0 4067374 3894243 0 4401952 4300014 0 4642045 3854969 0 4528628 4825559 0 4116587 4536243 0 3519486 4446316 0 0 
3595524 3980401 0 3936398 3562152 0 3576774 3772635 0 3830524 3672782 0 3561431 3680059 0 3496841 3623466 0 3964512 3313079 0 3842129 4144130 0 0 4364161 3759795 0 3490069 3827160 0 4282562 4150992 0 4086791 3441629 0 4080842 4208728 0 3452308 3816984 0 3624827 4220180 0 3428096 3705609 0 0 3919398 3893339 0 4380431 3368267 0 3696608 3246053 0 3776290 2938190 0 3498314 3451599 0 3997588 3327668 0 3610086 3791452 0 4153083 4083274 0 0 3605274 3426668 0 3457639 3453337 0 3481043 3180183 0 3581078 3274640 0 3937954 3490387 0 4238640 3999953 0 3451025 3701544 0 3118947 4064185 0 0 
0 0 0 0 0 0 0 0 0 0 0 0 0 0 0 0 0 0 0 0 0 0 0 0 0 0 0 0 0 0 0 0 0 0 0 0 0 0 0 0 0 0 0 0 0 0 0 0 0 0 0 0 0 0 0 0 0 0 0 0 0 0 0 0 0 0 0 0 0 0 0 0 0 0 0 0 0 0 0 0 0 0 0 0 0 0 0 0 0 0 0 0 0 0 0 0 0 0 0 0 
3050249 3187731 0 3170872 2958512 0 3311777 3142420 0 3561821 2955846 0 3331088 3467650 0 3001344 3327786 0 3682867 2605012 0 3475115 3612408 0 0 3544303 3646158 0 3087133 3414040 0 3625825 3254545 0 3011284 3277383 0 3478363 3458692 0 2806502 3193661 0 3315444 3105252 0 3280250 3248891 0 0 3654241 3283143 0 3697622 2813076 0 2938797 2793424 0 2921433 2455254 0 2707234 3176310 0 3466163 3144392 0 3003893 3212703 0 3470823 3361673 0 0 3455314 3189040 0 3176183 3186607 0 2962970 2840947 0 3046321 3110748 0 3498663 3093340 0 3712594 3925329 0 2641956 3260439 0 2742341 3771204 0 0 
4050110 4382423 0 4412512 4059658 0 4314852 4523049 0 4704150 4207088 0 4156506 4192525 0 3751554 4578775 0 4661380 3927140 0 4205412 4327935 0 0 4833337 4805009 0 4391714 4722237 0 4478712 4587403 0 4211960 4067083 0 4439130 4771446 0 3851526 3901456 0 3911260 4853093 0 3733312 4121238 0 0 4786663 4686403 0 4787683 3752892 0 4101855 3747848 0 4206983 3520361 0 3862176 4264787 0 4300610 4063686 0 3766895 3905555 0 4602246 4242747 0 0 3879631 4323281 0 4431409 3987282 0 3839966 3663655 0 4408227 3614745 0 4243437 3893721 0 4780425 4646285 0 4105565 4353580 0 3475221 4230739 0 0 
0 0 0 0 0 0 0 0 0 0 0 0 0 0 0 0 0 0 0 0 0 0 0 0 0 0 0 0 0 0 0 0 0 0 0 0 0 0 0 0 0 0 0 0 0 0 0 0 0 0 0 0 0 0 0 0 0 0 0 0 0 0 0 0 0 0 0 0 0 0 0 0 0 0 0 0 0 0 0 0 0 0 0 0 0 0 0 0 0 0 0 0 0 0 0 0 0 0 0 0 
3544084 3952653 0 3793192 3526748 0 3560944 4218977 0 4092843 3915078 0 3627871 3909566 0 3739955 3959958 0 4275952 3517668 0 4097078 4236247 0 0 4445849 3922154 0 3876471 3993187 0 4559531 3941627 0 4162051 3924223 0 4102470 4230322 0 3609866 3886928 0 3876544 4331155 0 3623299 3968410 0 0 4293892 3919340 0 4296424 3531851 0 3947981 3633015 0 3677784 3334795 0 3061625 3812378 0 4010147 3781877 0 3870372 3834823 0 4080855 4285859 0 0 3880757 3955521 0 3856542 3580704 0 3442792 3255556 0 3383487 3987946 0 4112623 3542939 0 4244667 4636080 0 3427439 4005674 0 3242718 4173037 0 0 
3496134 3973031 0 3995464 3223706 0 3765054 4387860 0 4221679 3700855 0 3867327 4317961 0 3447770 4178585 0 4474986 3185043 0 3883398 3832050 0 0 4087392 4156640 0 3536746 3692753 0 4196588 3686552 0 3821205 3610920 0 4229221 3890163 0 3407377 3639525 0 3663292 4274663 0 3538604 3845248 0 0 3962346 4024936 0 4232785 3343235 0 3818755 3711688 0 3581347 3043523 0 3162811 3593899 0 4050515 4131785 0 3842367 3502588 0 3826683 4036611 0 0 3556791 3696225 0 3666999 3468341 0 3649429 3010224 0 3605544 3684457 0 3739993 3669263 0 3928396 4087271 0 3595573 3788425 0 2836330 4130029 0 0 
0 0 0 0 0 0 0 0 0 0 0 0 0 0 0 0 0 0 0 0 0 0 0 0 0 0 0 0 0 0 0 0 0 0 0 0 0 0 0 0 0 0 0 0 0 0 0 0 0 0 0 0 0 0 0 0 0 0 0 0 0 0 0 0 0 0 0 0 0 0 0 0 0 0 0 0 0 0 0 0 0 0 0 0 0 0 0 0 0 0 0 0 0 0 0 0 0 0 0 0 
4220380 4585519 0 4550123 3926883 0 4438834 4600318 0 4868557 4094656 0 4078363 4614436 0 4448430 4536326 0 5028549 3755987 0 4754665 4644291 0 0 4651784 4713899 0 4217187 4551365 0 4540579 4691762 0 4333936 3649269 0 4811646 4634630 0 3500675 3916109 0 4259128 4874768 0 3722425 4345409 0 0 4617807 4848074 0 4960741 3620075 0 3979326 4151763 0 4396459 3678395 0 4025503 4147499 0 4664572 4198284 0 4222959 4290687 0 4855471 4774148 0 0 4396300 4402262 0 4511032 4322507 0 3896257 3699529 0 4369411 3818075 0 4511930 4173160 0 4722148 4650589 0 4115453 4137312 0 3314074 4923452 0 0 
4194117 4263081 0 4256163 3735438 0 4115023 4415655 0 4418043 3993102 0 3778177 4204175 0 3502553 4206986 0 4770513 3530642 0 4121499 4597069 0 0 4465804 4839138 0 4110987 4367515 0 4362774 4420622 0 3807302 4007732 0 4110131 4177737 0 3679149 3725369 0 4029061 4471951 0 3493500 4172047 0 0 4556654 4662023 0 4666667 3926852 0 3397260 3425133 0 4163173 3372875 0 3367764 3948700 0 4070557 3935051 0 3618055 4219922 0 4206036 4051205 0 0 3780786 3970980 0 3884492 3920364 0 4049905 3977886 0 4209761 3854851 0 4435411 3769471 0 4600754 5014467 0 3553890 3922768 0 3333816 4085615 0 0 
0 0 0 0 0 0 0 0 0 0 0 0 0 0 0 0 0 0 0 0 0 0 0 0 0 0 0 0 0 0 0 0 0 0 0 0 0 0 0 0 0 0 0 0 0 0 0 0 0 0 0 0 0 0 0 0 0 0 0 0 0 0 0 0 0 0 0 0 0 0 0 0 0 0 0 0 0 0 0 0 0 0 0 0 0 0 0 0 0 0 0 0 0 0 0 0 0 0 0 0 
3415518 4102909 0 3774119 3682150 0 3994838 4251279 0 4498797 4081668 0 3993354 4041591 0 3935165 4168803 0 4544324 3463276 0 4265857 4410556 0 0 4290639 4103283 0 3872942 4299620 0 4547918 4018110 0 4149260 3566462 0 4232407 4199035 0 3363945 3770428 0 4017290 4352966 0 3807056 4106521 0 0 4428842 4208453 0 4512699 3831926 0 3545712 3690804 0 4046764 3361271 0 3495656 3936021 0 4408313 3572816 0 3987624 4199316 0 4578174 4429619 0 0 4244560 3872903 0 3881292 4049349 0 3701180 3352345 0 4090087 3629857 0 4126304 3704814 0 4555407 4515997 0 3540076 3805370 0 3397210 4684396 0 0 
3607568 3950379 0 3945383 3693371 0 4012128 4203632 0 4438437 3829817 0 3999961 4252278 0 3689029 4161347 0 4743807 3314071 0 4016119 4302633 0 0 4502316 4123438 0 3904434 3905369 0 4321539 4328402 0 3748864 3739619 0 4664418 4396335 0 3400031 3772011 0 3818486 4249151 0 3562446 4048387 0 0 4417283 4362697 0 4550126 3643287 0 3484704 3494317 0 4139294 3464301 0 3759537 3833407 0 4400341 4273137 0 3768941 4179251 0 4681601 4146487 0 0 3745515 3849143 0 4070004 3915773 0 3815873 3250431 0 3818004 3544134 0 4015325 4031146 0 4418014 4316108 0 3149220 4041489 0 3099577 4421394 0 0 
0 0 0 0 0 0 0 0 0 0 0 0 0 0 0 0 0 0 0 0 0 0 0 0 0 0 0 0 0 0 0 0 0 0 0 0 0 0 0 0 0 0 0 0 0 0 0 0 0 0 0 0 0 0 0 0 0 0 0 0 0 0 0 0 0 0 0 0 0 0 0 0 0 0 0 0 0 0 0 0 0 0 0 0 0 0 0 0 0 0 0 0 0 0 0 0 0 0 0 0 
0 0 0 0 0 0 0 0 0 0 0 0 0 0 0 0 0 0 0 0 0 0 0 0 0 0 0 0 0 0 0 0 0 0 0 0 0 0 0 0 0 0 0 0 0 0 0 0 0 0 0 0 0 0 0 0 0 0 0 0 0 0 0 0 0 0 0 0 0 0 0 0 0 0 0 0 0 0 0 0 0 0 0 0 0 0 0 0 0 0 0 0 0 0 0 0 0 0 0 0 
3752783 4344617 0 3989806 3533303 0 3884898 4250729 0 4306298 3765074 0 3752097 3936353 0 3906109 4130681 0 4841415 3544123 0 3962053 4199248 0 0 4464975 4371491 0 4133949 4246501 0 4306224 4219318 0 4099332 3698219 0 4407928 4147216 0 3329439 3971329 0 3881928 4541014 0 3778576 4242290 0 0 4569998 4401837 0 4159221 3519376 0 3873163 3835798 0 3981986 3410081 0 3431029 3804445 0 4168700 3793720 0 3869800 3757218 0 4317903 4370844 0 0 3664829 4028642 0 3983042 3797412 0 3583900 3698339 0 4071021 3705278 0 4230051 3735628 0 4227476 4410251 0 3844316 3783459 0 3300486 4114229 0 0 
3735089 4199988 0 4191713 3958884 0 3730671 4571235 0 4601657 3987721 0 4188894 4150954 0 4014786 4173845 0 4515653 3392126 0 3568631 3673048 0 0 4604177 4271653 0 3738479 4299200 0 4577051 4184883 0 3866261 3850158 0 4350143 4453745 0 3584009 3859437 0 4194970 4520635 0 3592654 4183039 0 0 4336651 4436223 0 4134503 3430822 0 3641281 3744166 0 4194707 3347527 0 3431169 3854363 0 4034807 4257100 0 3858625 3832529 0 4311571 4304451 0 0 3955214 3615409 0 4077141 3741759 0 3846931 3293835 0 3875763 3438878 0 4136646 3663014 0 4248221 4247058 0 3668284 3802358 0 3121198 3850629 0 0 
0 0 0 0 0 0 0 0 0 0 0 0 0 0 0 0 0 0 0 0 0 0 0 0 0 0 0 0 0 0 0 0 0 0 0 0 0 0 0 0 0 0 0 0 0 0 0 0 0 0 0 0 0 0 0 0 0 0 0 0 0 0 0 0 0 0 0 0 0 0 0 0 0 0 0 0 0 0 0 0 0 0 0 0 0 0 0 0 0 0 0 0 0 0 0 0 0 0 0 0 
4326887 4459130 0 4500959 3905656 0 4499844 4456775 0 4422093 4129704 0 4441351 4553845 0 3996432 4247855 0 5144052 3769002 0 4457135 4352783 0 0 5100779 4783816 0 4253273 4435012 0 4757270 4557775 0 4101457 3992712 0 4398118 4363246 0 3824194 4172515 0 4466772 4962047 0 3675657 4471524 0 0 4871637 4566413 0 5076504 3708973 0 3867915 3780552 0 4159132 3937730 0 3689695 4318935 0 4482063 4016779 0 4078627 4180950 0 4558367 4440761 0 0 4335307 3869649 0 4333688 4113557 0 4386209 3947712 0 4235729 3880323 0 4316259 4023463 0 4576206 5018080 0 3718851 4121448 0 3123237 4648476 0 0 
4204598 4611783 0 4333900 4010184 0 4094621 4237056 0 4421438 4270246 0 3999659 4432012 0 3869278 4259366 0 4574612 3488887 0 4345558 4396602 0 0 4548519 4576944 0 4033080 4571969 0 4644091 4498249 0 3943638 3981255 0 4269004 4441548 0 3665712 3798460 0 4153468 4443727 0 3823489 4237896 0 0 4738468 4554809 0 4657757 4004738 0 3729184 3705679 0 4077359 3494275 0 3533408 4156506 0 4450237 4127205 0 4056093 4278277 0 4365292 4126844 0 0 3891129 3780326 0 4257426 3776353 0 3897941 3836992 0 4635451 3606277 0 4458938 3668259 0 4423338 4823821 0 3839167 4026499 0 3304386 4155126 0 0 
0 0 0 0 0 0 0 0 0 0 0 0 0 0 0 0 0 0 0 0 0 0 0 0 0 0 0 0 0 0 0 0 0 0 0 0 0 0 0 0 0 0 0 0 0 0 0 0 0 0 0 0 0 0 0 0 0 0 0 0 0 0 0 0 0 0 0 0 0 0 0 0 0 0 0 0 0 0 0 0 0 0 0 0 0 0 0 0 0 0 0 0 0 0 0 0 0 0 0 0 
3985777 5288973 0 4759026 3911309 0 4475978 4825930 0 5025927 4227593 0 4459841 4744795 0 4567959 4788955 0 5270818 4157422 0 4554275 4945118 0 0 4934068 4765267 0 4726196 4921766 0 4957782 4592272 0 4564193 4390883 0 4881222 4895855 0 3841542 4277724 0 4641398 5070631 0 4046153 4595325 0 0 4780298 5056472 0 5165337 4071375 0 4387657 4355448 0 4651720 3928992 0 3850194 4568371 0 5067419 4606902 0 4896830 4385029 0 5059417 4994189 0 0 4487320 4424414 0 4337462 4507681 0 4307229 4033786 0 4889812 4147396 0 4518083 4293900 0 4934295 5297038 0 4516636 4469383 0 3677832 4891354 0 0 
3500704 3948473 0 3632246 3441450 0 3632863 4346227 0 4385350 3733749 0 3769579 4239438 0 3351413 4143290 0 4206892 3067800 0 3828593 4137446 0 0 4146677 4025807 0 3721939 3943945 0 4062245 3938064 0 3546801 3322144 0 4286538 4393344 0 3547535 3796165 0 3524473 4221403 0 3451863 3661311 0 0 3688026 4288306 0 4195113 3348257 0 3991365 3455423 0 3499055 3080342 0 3229046 3393685 0 3819315 4073301 0 3448905 3507738 0 3859189 3608461 0 0 3602853 3602671 0 3816934 3597221 0 3840743 2756843 0 3534499 3815487 0 3657820 3939424 0 3938364 4087649 0 3382868 3784160 0 3148313 3881482 0 0 
0 0 0 0 0 0 0 0 0 0 0 0 0 0 0 0 0 0 0 0 0 0 0 0 0 0 0 0 0 0 0 0 0 0 0 0 0 0 0 0 0 0 0 0 0 0 0 0 0 0 0 0 0 0 0 0 0 0 0 0 0 0 0 0 0 0 0 0 0 0 0 0 0 0 0 0 0 0 0 0 0 0 0 0 0 0 0 0 0 0 0 0 0 0 0 0 0 0 0 0 
3585298 4179740 0 3912167 3848136 0 4322033 4206396 0 4463561 3805489 0 4056562 4102829 0 4007091 4286970 0 4836530 3654322 0 3964716 4322675 0 0 4394823 4160047 0 4450162 4221623 0 4178703 4401485 0 3871684 3653922 0 4686075 4270226 0 3535702 3909238 0 4090265 4436279 0 3588141 4194590 0 0 4508761 4242072 0 4466091 3619037 0 3539875 3593010 0 4264876 3539378 0 3381069 3616865 0 4384581 4217815 0 3694951 3860420 0 4294552 4025254 0 0 3910951 4032499 0 4021077 3791702 0 3982447 3513079 0 3902536 3615997 0 4250864 4101905 0 4083457 4649288 0 3860434 3806009 0 2784114 4228031 0 0 
3882362 4349597 0 4210184 3779311 0 4093732 4417309 0 4662231 3635764 0 4311606 4248596 0 4409984 4379583 0 4410906 3570893 0 4148325 4026133 0 0 4290024 4280476 0 4380149 4485212 0 4202128 4191180 0 3934497 3999733 0 4582642 4525394 0 3407786 3673515 0 3898681 4171189 0 3641681 4658409 0 0 4556190 4368751 0 4748636 3612759 0 3965692 3799496 0 4082904 3519156 0 3674291 4238148 0 4374623 4024193 0 4018730 4037952 0 4491556 4326567 0 0 4166134 4115068 0 4291247 4001616 0 3667735 3408297 0 4305019 3790542 0 4042475 3799349 0 4759696 4510143 0 3724426 4061679 0 3077690 4255377 0 0 
0 0 0 0 0 0 0 0 0 0 0 0 0 0 0 0 0 0 0 0 0 0 0 0 0 0 0 0 0 0 0 0 0 0 0 0 0 0 0 0 0 0 0 0 0 0 0 0 0 0 0 0 0 0 0 0 0 0 0 0 0 0 0 0 0 0 0 0 0 0 0 0 0 0 0 0 0 0 0 0 0 0 0 0 0 0 0 0 0 0 0 0 0 0 0 0 0 0 0 0 
3152286 3834582 0 3538690 3375195 0 3789549 3910759 0 4178435 3658712 0 3583007 3794033 0 3380574 3977525 0 4199795 3137292 0 3711816 3897865 0 0 4142092 3892703 0 3572273 3724538 0 3968555 3520112 0 3738548 3395180 0 4017727 3987091 0 3038449 3229016 0 3660269 3874440 0 3400803 3450164 0 0 4028132 3996322 0 4063210 3337705 0 3296160 3476393 0 3485871 2815121 0 3312858 3526296 0 4192018 3551050 0 3454146 3737208 0 4082086 3763410 0 0 3822259 3862154 0 3586848 3616084 0 3493677 2917207 0 3919309 2995605 0 3851765 3884923 0 3962109 4040600 0 3154787 3633572 0 3026097 3953438 0 0 
3910509 4265838 0 4001028 3692880 0 4242151 4440167 0 4726228 4236065 0 3990700 4448627 0 3973009 4541583 0 4873066 3985244 0 4300736 4349709 0 0 4539541 4718092 0 4344641 4580629 0 4654983 4369294 0 4176098 3900725 0 4476419 4716563 0 3866621 4107262 0 4057130 4748217 0 3946037 4335631 0 0 4593733 4690538 0 4705982 3819870 0 4105024 3803069 0 3980790 3593288 0 3649472 4078761 0 4419632 4176450 0 4053711 3906336 0 4488962 4402513 0 0 4171315 4031292 0 4482803 3919971 0 4128404 3559463 0 4177430 4331451 0 4187806 4061128 0 4574715 4892590 0 3708843 4382312 0 3284621 4670464 0 0 
0 0 0 0 0 0 0 0 0 0 0 0 0 0 0 0 0 0 0 0 0 0 0 0 0 0 0 0 0 0 0 0 0 0 0 0 0 0 0 0 0 0 0 0 0 0 0 0 0 0 0 0 0 0 0 0 0 0 0 0 0 0 0 0 0 0 0 0 0 0 0 0 0 0 0 0 0 0 0 0 0 0 0 0 0 0 0 0 0 0 0 0 0 0 0 0 0 0 0 0 
3536371 4108925 0 3842274 3613853 0 3935809 4144160 0 4373440 3816800 0 3780956 3763723 0 3569427 3856172 0 4212504 3186127 0 4115518 4158597 0 0 4120235 4096229 0 3830252 3716427 0 4171597 3679604 0 3859527 3619877 0 4015282 3946177 0 3556817 3721418 0 3807434 4178106 0 3583124 3770235 0 0 4490643 3868488 0 4506272 3286141 0 3488460 3462515 0 3833070 3363227 0 3443858 3644861 0 3773516 3736196 0 3451465 3628294 0 4245200 4136325 0 0 3540812 3922984 0 3464129 3743951 0 3452424 3245045 0 3786880 3467363 0 4068126 3599887 0 4272126 4018461 0 3283237 3758896 0 2953304 4231055 0 0 
4343994 4736733 0 4741406 4137546 0 4653433 4573825 0 4724356 4362650 0 4446608 4716814 0 4459856 4791443 0 5193985 3863016 0 4739022 4637421 0 0 4820460 4897424 0 4348125 4833960 0 4843841 4752720 0 4416565 4314641 0 5003879 4947402 0 4004017 4464164 0 4673836 4622099 0 4418812 4763173 0 0 4780311 4681053 0 4671551 4046164 0 3980659 4125329 0 4691586 4033291 0 3907973 4374259 0 4870093 4598449 0 4518410 4557692 0 4637594 5014974 0 0 4518992 4093796 0 4559140 4104952 0 4135736 4181887 0 4662270 4166534 0 4761592 4036297 0 4574541 5155015 0 4118918 4143820 0 3439439 4800468 0 0 
0 0 0 0 0 0 0 0 0 0 0 0 0 0 0 0 0 0 0 0 0 0 0 0 0 0 0 0 0 0 0 0 0 0 0 0 0 0 0 0 0 0 0 0 0 0 0 0 0 0 0 0 0 0 0 0 0 0 0 0 0 0 0 0 0 0 0 0 0 0 0 0 0 0 0 0 0 0 0 0 0 0 0 0 0 0 0 0 0 0 0 0 0 0 0 0 0 0 0 0 
3588006 4042945 0 4027218 3486954 0 4297062 4378961 0 4481682 3795137 0 3914324 3894677 0 3853493 4295923 0 4809725 3457745 0 4104430 4445982 0 0 4090690 4423509 0 4110077 4255136 0 4460795 4047489 0 3874993 3537710 0 4346134 4186229 0 3659684 3626163 0 3929407 4642827 0 3432969 4142157 0 0 4439426 4512716 0 4678061 3566716 0 3401245 3410089 0 4086925 3281799 0 3546945 3762583 0 3877971 3782444 0 3592613 4216121 0 4191922 4235622 0 0 3921120 3861495 0 4105644 3805931 0 3900756 3343321 0 4135060 3698215 0 4064324 3905827 0 4355477 4279415 0 3359202 3847130 0 3152892 4727770 0 0 
3914612 4556893 0 4577260 4131470 0 4514048 4439054 0 4813434 4457048 0 3945250 4394841 0 4321376 4630028 0 5185439 3967027 0 4461850 4859628 0 0 4960690 4807050 0 4419205 4935555 0 5009502 4761611 0 4486698 3983934 0 4986796 4657989 0 3667764 4095497 0 4349834 4876474 0 3801810 4436167 0 0 5092132 4891257 0 4904043 3987825 0 3876688 3990494 0 4739670 3728781 0 3646867 4204421 0 4547138 4224127 0 4035386 4435176 0 4715757 4928526 0 0 4496178 4212036 0 4438777 4202092 0 4089496 4016113 0 4547917 3746933 0 4468504 4091885 0 4764494 5089865 0 4062673 4203199 0 3261516 4597984 0 0 
0 0 0 0 0 0 0 0 0 0 0 0 0 0 0 0 0 0 0 0 0 0 0 0 0 0 0 0 0 0 0 0 0 0 0 0 0 0 0 0 0 0 0 0 0 0 0 0 0 0 0 0 0 0 0 0 0 0 0 0 0 0 0 0 0 0 0 0 0 0 0 0 0 0 0 0 0 0 0 0 0 0 0 0 0 0 0 0 0 0 0 0 0 0 0 0 0 0 0 0 
3828362 4200767 0 4201267 3645493 0 4339733 4082116 0 4619686 3950116 0 4084034 4177363 0 3923903 4081889 0 4664944 3511930 0 4434902 4152370 0 0 4328693 4423852 0 4107662 4204615 0 4190747 4228266 0 3961153 3677708 0 4536530 4161521 0 3629149 3744981 0 4034414 4173258 0 3643563 4234421 0 0 4236290 4426218 0 4710247 3516255 0 4093521 3842232 0 4086806 3308392 0 3486228 4021049 0 4317296 4138045 0 3990158 3983999 0 4442391 4481699 0 0 4257847 4066007 0 4357465 4178908 0 3883586 3489019 0 4032559 3872144 0 3982666 3854881 0 4437741 4658986 0 3638250 3939804 0 3065465 4393130 0 0 
3293446 3812486 0 3797370 3328184 0 3726782 3867030 0 4181214 3468761 0 3603529 3781553 0 3473711 3823379 0 4174172 3024420 0 3205232 3520307 0 0 4018069 3963301 0 3610944 3796108 0 3947838 3663802 0 3506601 3294947 0 3993644 4028117 0 3114875 3506769 0 3637880 4103141 0 3189244 3968781 0 0 3686394 3937475 0 3948456 3129214 0 3621009 3242660 0 3829662 2851400 0 2920589 3495285 0 3411309 3646336 0 3472494 3643802 0 3967816 4101858 0 0 3507498 3588343 0 3778124 3375617 0 3368364 3095703 0 3452252 3359812 0 3683872 3234468 0 3669212 3746460 0 3317454 3447688 0 2855169 3705033 0 0 
0 0 0 0 0 0 0 0 0 0 0 0 0 0 0 0 0 0 0 0 0 0 0 0 0 0 0 0 0 0 0 0 0 0 0 0 0 0 0 0 0 0 0 0 0 0 0 0 0 0 0 0 0 0 0 0 0 0 0 0 0 0 0 0 0 0 0 0 0 0 0 0 0 0 0 0 0 0 0 0 0 0 0 0 0 0 0 0 0 0 0 0 0 0 0 0 0 0 0 0 
0 0 0 0 0 0 0 0 0 0 0 0 0 0 0 0 0 0 0 0 0 0 0 0 0 0 0 0 0 0 0 0 0 0 0 0 0 0 0 0 0 0 0 0 0 0 0 0 0 0 0 0 0 0 0 0 0 0 0 0 0 0 0 0 0 0 0 0 0 0 0 0 0 0 0 0 0 0 0 0 0 0 0 0 0 0 0 0 0 0 0 0 0 0 0 0 0 0 0 0 
3112099 3499494 0 3350417 3383579 0 3301117 3874931 0 3988566 3167724 0 3232858 3702238 0 3201006 3375400 0 3772219 3180043 0 3773063 3835202 0 0 3737700 3826928 0 3408285 3523031 0 3665386 3661439 0 3275935 2978181 0 3646190 3680595 0 3008551 3279883 0 3443364 3490442 0 2846936 3144269 0 0 3808534 3901751 0 3954624 2820753 0 3525889 3039540 0 3187194 3119963 0 3073687 3302819 0 3308833 3187516 0 3111959 3149386 0 3730689 3467748 0 0 3295493 3556182 0 3245997 3643011 0 3085823 2647878 0 3267372 3309910 0 3304583 3296453 0 4007209 3801382 0 3114045 3463509 0 2803099 3705491 0 0 
3767054 4053516 0 4173652 3820395 0 4152099 4190748 0 4101138 3829921 0 3936125 4225935 0 3648929 4145571 0 4563561 3597317 0 4049032 4356016 0 0 4595090 4185096 0 3973656 4091050 0 4373635 4490819 0 3932482 3528004 0 4667170 4563563 0 3315653 3934470 0 3677065 4373297 0 3596731 4120419 0 0 4423957 4455650 0 4478820 3595444 0 4319043 3650497 0 3935415 3335916 0 3405171 3911458 0 4379622 4041765 0 3941774 4147916 0 4283306 4312677 0 0 4067892 3813792 0 4498368 3887693 0 4085937 3320654 0 3924472 3820326 0 3953965 3774557 0 4046487 4379577 0 3491050 3948056 0 3131129 4258838 0 0 
0 0 0 0 0 0 0 0 0 0 0 0 0 0 0 0 0 0 0 0 0 0 0 0 0 0 0 0 0 0 0 0 0 0 0 0 0 0 0 0 0 0 0 0 0 0 0 0 0 0 0 0 0 0 0 0 0 0 0 0 0 0 0 0 0 0 0 0 0 0 0 0 0 0 0 0 0 0 0 0 0 0 0 0 0 0 0 0 0 0 0 0 0 0 0 0 0 0 0 0 
3186462 3924377 0 3944044 3523577 0 3857443 4194095 0 4171160 3728499 0 4042818 3841097 0 3557768 4033872 0 4675951 3672798 0 3774942 3599860 0 0 4118065 4332267 0 3998189 4011829 0 4125039 4047525 0 4078151 3578940 0 4337770 3678988 0 3409846 3598571 0 3664256 4400767 0 3621352 4285481 0 0 4370475 4158886 0 4022287 3419221 0 3573656 3588768 0 4200775 3319896 0 3322077 4075140 0 4109956 3979941 0 3634086 3917907 0 4125094 4241651 0 0 3906639 4022583 0 4248082 3612371 0 3878126 3107616 0 4026436 3554296 0 3815772 3551767 0 4018247 4278036 0 3508547 3796045 0 2749921 3780694 0 0 
3403920 3666947 0 3442014 3377032 0 3485074 3698126 0 4134100 3533289 0 3595323 3823735 0 3214925 3719943 0 4015190 3059718 0 3740293 3847123 0 0 4224222 3847610 0 3538315 3817541 0 3970403 3839489 0 3580249 3415486 0 3922366 3945896 0 3542072 3393006 0 3612096 4044433 0 3262462 3237304 0 0 4106509 3910426 0 4135293 3107130 0 3556156 3157222 0 3321481 3052644 0 3249281 3550483 0 3602053 3435009 0 3487364 3533212 0 3841228 3724289 0 0 3611930 3472984 0 3425620 3642732 0 3548533 2945699 0 3355963 3465011 0 3738293 3327474 0 3987629 4102242 0 3309043 3548508 0 2845925 4115061 0 0 
0 0 0 0 0 0 0 0 0 0 0 0 0 0 0 0 0 0 0 0 0 0 0 0 0 0 0 0 0 0 0 0 0 0 0 0 0 0 0 0 0 0 0 0 0 0 0 0 0 0 0 0 0 0 0 0 0 0 0 0 0 0 0 0 0 0 0 0 0 0 0 0 0 0 0 0 0 0 0 0 0 0 0 0 0 0 0 0 0 0 0 0 0 0 0 0 0 0 0 0 
4260635 4547802 0 4615831 4041651 0 4336640 4967850 0 4865797 4333850 0 3953105 4568571 0 4280969 4774526 0 5037246 4208428 0 4817097 4575941 0 0 4640293 5143893 0 4639500 4499713 0 5049517 4859369 0 4222639 4386020 0 4749245 5036329 0 3888623 4421875 0 4508734 4749916 0 4011927 4660423 0 0 4680625 4577519 0 4927317 3826014 0 4369518 4030807 0 4201650 3701265 0 3573311 4284860 0 4609982 4267538 0 3941155 4107979 0 4786891 4705402 0 0 4495201 4447098 0 4194368 4277204 0 4283394 3865164 0 4328102 4572687 0 4887187 4423935 0 4897151 4848429 0 4012031 4512728 0 3646482 4958579 0 0 
3515602 3918464 0 4015357 3566072 0 3944884 4115130 0 4005307 3783537 0 3759328 3832469 0 3575767 3955532 0 4505345 3312262 0 3821751 3964492 0 0 4297751 4312312 0 3369265 3888611 0 3971764 4291467 0 4123022 3464408 0 4413687 4145940 0 3368137 3760970 0 3769465 4267628 0 3484024 4011523 0 0 4161903 4133507 0 4067601 3266894 0 3589794 3471946 0 3994308 2828673 0 3247177 3483490 0 4293886 3862326 0 3608780 4021191 0 4122399 4163901 0 0 3793434 3718130 0 4191812 3480825 0 3409469 3465097 0 3777271 3529413 0 3902363 3624538 0 3873671 4025135 0 3549797 3665546 0 2932846 4097323 0 0 
0 0 0 0 0 0 0 0 0 0 0 0 0 0 0 0 0 0 0 0 0 0 0 0 0 0 0 0 0 0 0 0 0 0 0 0 0 0 0 0 0 0 0 0 0 0 0 0 0 0 0 0 0 0 0 0 0 0 0 0 0 0 0 0 0 0 0 0 0 0 0 0 0 0 0 0 0 0 0 0 0 0 0 0 0 0 0 0 0 0 0 0 0 0 0 0 0 0 0 0 
3686949 4327775 0 4092288 3556035 0 4013587 4173007 0 4588936 3680067 0 3943747 4024517 0 3722648 4119011 0 4737867 4017040 0 4221177 4311865 0 0 4240444 4612860 0 4524654 4234944 0 4445189 4241910 0 3779330 3812747 0 4257269 4373977 0 3686472 3856920 0 3918875 4652644 0 3388929 4168702 0 0 4539898 4382329 0 4553104 3211314 0 4062243 3533230 0 3979694 3701440 0 3489116 3985776 0 3903663 3981710 0 3651101 3618810 0 4422976 4294242 0 0 3978452 3955051 0 3703546 3789411 0 4170291 3469087 0 4144228 3909080 0 4149927 3821213 0 4420521 4633025 0 3737672 4033134 0 2913734 4672681 0 0 
4056413 4540587 0 4560543 4001432 0 4519781 4900876 0 4975038 4297783 0 4274048 4704505 0 4158452 4829476 0 5109214 4011131 0 4330419 4443055 0 0 5115592 4966932 0 4216672 4898909 0 4910469 4934198 0 4157497 4191149 0 5075369 4912830 0 3810233 4161618 0 4582544 4738174 0 3872243 4528194 0 0 5005744 4734484 0 4669721 3530516 0 4372162 3965610 0 4351318 3703365 0 4120852 4466831 0 4843774 4499933 0 4041106 4004976 0 4544890 4694753 0 0 4284936 4430450 0 4402472 4443113 0 4116963 3833298 0 4196439 4298040 0 4402721 4182752 0 4849244 5034957 0 4280160 4507708 0 3638730 4364756 0 0 
0 0 0 0 0 0 0 0 0 0 0 0 0 0 0 0 0 0 0 0 0 0 0 0 0 0 0 0 0 0 0 0 0 0 0 0 0 0 0 0 0 0 0 0 0 0 0 0 0 0 0 0 0 0 0 0 0 0 0 0 0 0 0 0 0 0 0 0 0 0 0 0 0 0 0 0 0 0 0 0 0 0 0 0 0 0 0 0 0 0 0 0 0 0 0 0 0 0 0 0 
3448072 4097964 0 3840732 3671544 0 3941388 4575315 0 4338830 3906201 0 4080156 4175660 0 3925608 4149793 0 4642085 3803633 0 3838612 4087125 0 0 4776042 4402062 0 4024283 4342157 0 4659854 4262702 0 4138289 3795591 0 4506734 4734460 0 3323487 3852376 0 4182336 4513577 0 3649847 3901826 0 0 4392530 4324758 0 4282784 3374400 0 3994463 3708846 0 4035213 3326818 0 3523555 3957833 0 4425695 4122389 0 3750076 3818238 0 4232696 4128838 0 0 4305904 4172245 0 4027258 3868208 0 3938466 3328597 0 4152725 3634532 0 3734958 3982483 0 4345382 4483403 0 3747243 3867287 0 3196198 4160764 0 0 
3686729 4143856 0 4212517 3645216 0 3931063 4451905 0 4300323 3685966 0 4093887 3943260 0 3850050 4022409 0 4525017 3437297 0 4135267 3914603 0 0 4477660 4433825 0 3710031 3956035 0 4549057 4048103 0 4076723 3888999 0 4537915 4156202 0 3394841 3856485 0 4013927 4382129 0 3931722 4024017 0 0 4683815 4277584 0 4306015 3590202 0 3705566 3534139 0 4110880 3000692 0 3542180 3994119 0 4437441 4050341 0 3736710 4317558 0 4269092 4345042 0 0 4106461 3787221 0 4258938 3730584 0 3756110 3340249 0 4198596 3831587 0 4309623 3582829 0 4426164 4246978 0 3611486 3905444 0 3429558 4343348 0 0 
0 0 0 0 0 0 0 0 0 0 0 0 0 0 0 0 0 0 0 0 0 0 0 0 0 0 0 0 0 0 0 0 0 0 0 0 0 0 0 0 0 0 0 0 0 0 0 0 0 0 0 0 0 0 0 0 0 0 0 0 0 0 0 0 0 0 0 0 0 0 0 0 0 0 0 0 0 0 0 0 0 0 0 0 0 0 0 0 0 0 0 0 0 0 0 0 0 0 0 0 
3573497 4101153 0 4178482 3577425 0 3940593 4076691 0 4245918 3621895 0 3856681 3753099 0 3573984 4045825 0 4282070 3608813 0 4009491 4296678 0 0 4504428 4460061 0 4076106 4040712 0 4082194 4029957 0 3686506 3768767 0 4179248 4248451 0 3552455 3811582 0 3704455 4305602 0 3663821 4502196 0 0 4479976 4007412 0 4316636 3524474 0 3916215 3615612 0 4056497 3273075 0 3412942 3947124 0 3801094 3751764 0 3558249 3770692 0 4221337 4321225 0 0 4242697 4045567 0 4005487 3832868 0 3408750 3486996 0 3527358 4081716 0 3978028 3714022 0 4444097 4429655 0 3460044 4083249 0 3224707 4278562 0 0 
3447925 3696846 0 3496907 3188640 0 3765302 3223871 0 3911191 3396070 0 3272719 3702350 0 3507099 3554744 0 4193080 3136684 0 3576159 3452651 0 0 3767775 3875459 0 3485298 3631386 0 3775355 3682092 0 3354900 3320609 0 3572019 3770419 0 3070902 3230439 0 3709537 3722130 0 3241381 3996109 0 0 3978485 3568187 0 4200604 3124721 0 3301468 3361638 0 3421905 2819999 0 2892555 3532394 0 3501818 3473034 0 3301576 3292911 0 3978107 4026231 0 0 3496486 3228120 0 3665531 3344852 0 2922937 3232082 0 3348777 3371896 0 3697201 3440707 0 3537720 4006366 0 2886040 3493555 0 2732952 3934307 0 0 
0 0 0 0 0 0 0 0 0 0 0 0 0 0 0 0 0 0 0 0 0 0 0 0 0 0 0 0 0 0 0 0 0 0 0 0 0 0 0 0 0 0 0 0 0 0 0 0 0 0 0 0 0 0 0 0 0 0 0 0 0 0 0 0 0 0 0 0 0 0 0 0 0 0 0 0 0 0 0 0 0 0 0 0 0 0 0 0 0 0 0 0 0 0 0 0 0 0 0 0 
4270370 4704840 0 4438997 4153487 0 4499170 4762740 0 5395874 4132751 0 4518051 4725410 0 4247334 4395955 0 5012668 3830872 0 4519824 4441860 0 0 4807824 4923609 0 4748973 4702050 0 4749703 4434706 0 4082033 4025774 0 4734284 4843888 0 4096545 4137421 0 4625801 4822390 0 3819276 4535204 0 0 4726539 4682002 0 5036250 3779768 0 4247282 3984954 0 4459763 3817649 0 3960354 4386619 0 4259354 4198086 0 4155972 4207115 0 4876372 4559362 0 0 4267461 4491260 0 4343778 4384475 0 4374098 3756343 0 4422522 4159454 0 4462700 4042621 0 4721269 4825992 0 4131852 4302104 0 3658008 4569871 0 0 
3603691 3796093 0 3666588 3376168 0 3731863 3987445 0 4051350 3535788 0 3886723 3822989 0 3539663 3855246 0 4161498 3226595 0 3743970 3608247 0 0 4183033 3939092 0 3762869 3846658 0 3879122 3895564 0 3382841 3625697 0 3928463 3917376 0 3358574 3434508 0 3678852 3998691 0 3475126 4169588 0 0 4051790 3863884 0 4035837 3426030 0 3380867 3338933 0 3668572 3297288 0 3398089 3732883 0 3884229 3605786 0 3740251 3441449 0 3869911 3836715 0 0 3982794 3650847 0 3839600 3746218 0 3474684 3157655 0 3505767 3609593 0 3705982 3476964 0 4063723 4267550 0 2997171 3725990 0 2989943 3776120 0 0 
0 0 0 0 0 0 0 0 0 0 0 0 0 0 0 0 0 0 0 0 0 0 0 0 0 0 0 0 0 0 0 0 0 0 0 0 0 0 0 0 0 0 0 0 0 0 0 0 0 0 0 0 0 0 0 0 0 0 0 0 0 0 0 0 0 0 0 0 0 0 0 0 0 0 0 0 0 0 0 0 0 0 0 0 0 0 0 0 0 0 0 0 0 0 0 0 0 0 0 0 
3575062 4068298 0 4189463 3435405 0 4083725 4179882 0 4406361 3659705 0 4080510 4120082 0 3626607 4119876 0 4001104 3459472 0 4076285 4021023 0 0 4411889 4028275 0 4002016 4085560 0 3830875 3973442 0 3624244 3610697 0 4356655 4522404 0 3204102 3614833 0 3826707 4095944 0 3433895 3801376 0 0 4066081 4061527 0 4429825 3362299 0 4017308 3565064 0 4029903 3329050 0 3370940 3997951 0 4345253 4004443 0 3915120 3635287 0 4126477 3812045 0 0 3679353 3748622 0 3759943 3798937 0 3764291 3088453 0 4064034 3355008 0 3681108 3548061 0 4180258 4165316 0 3777890 3868847 0 2913041 3853457 0 0 
4041184 4288019 0 4554051 3577661 0 4329076 4358839 0 4488217 3796979 0 4056472 4295729 0 4137666 4380159 0 4724891 3675326 0 4405389 4174415 0 0 4424385 4607953 0 4439540 4326977 0 4315824 4412053 0 3707640 3870155 0 4389304 4478861 0 3581311 3892100 0 4122722 4333660 0 3370956 4537837 0 0 4186406 4318260 0 4681772 3668028 0 3902449 3966095 0 4090561 3554825 0 3601323 4115344 0 4392726 4015965 0 4066648 3921241 0 4285958 4283997 0 0 3808197 3889076 0 4162182 4066596 0 3855658 3660065 0 4124626 3912980 0 4206525 3791453 0 4520498 4524954 0 3896346 4158905 0 3124266 4493174 0 0 
0 0 0 0 0 0 0 0 0 0 0 0 0 0 0 0 0 0 0 0 0 0 0 0 0 0 0 0 0 0 0 0 0 0 0 0 0 0 0 0 0 0 0 0 0 0 0 0 0 0 0 0 0 0 0 0 0 0 0 0 0 0 0 0 0 0 0 0 0 0 0 0 0 0 0 0 0 0 0 0 0 0 0 0 0 0 0 0 0 0 0 0 0 0 0 0 0 0 0 0 
0 0 0 0 0 0 0 0 0 0 0 0 0 0 0 0 0 0 0 0 0 0 0 0 0 0 0 0 0 0 0 0 0 0 0 0 0 0 0 0 0 0 0 0 0 0 0 0 0 0 0 0 0 0 0 0 0 0 0 0 0 0 0 0 0 0 0 0 0 0 0 0 0 0 0 0 0 0 0 0 0 0 0 0 0 0 0 0 0 0 0 0 0 0 0 0 0 0 0 0 
